reebok京东旗舰店
货到付款	1905	296	0.15538057742782152	76	0.03989501312335958
银行电汇	17769	1694	0.0953345714446508	801	0.045078507513084586
reebok官方商城
微信支付	224	5	0.022321428571428572	14	0.0625
支付宝	891	70	0.07856341189674523	30	0.03367003367003367
货到付款	142	17	0.11971830985915492	2	0.014084507042253521
reebok官方旗舰店
支付宝	58180	7057	0.12129597799931248	1920	0.03300103128222757

=======================
Article	Sold	Return	ReturnRate	Exchange	ExchangeRate
BD3850	2563	380	0.148263753413968	122	0.04760046820132657
BD3366	2509	188	0.07493025109605421	101	0.04025508170585891
BD2682	2035	208	0.10221130221130222	80	0.03931203931203931
V68764	1953	208	0.10650281618023553	81	0.041474654377880185
BD3598	1752	68	0.03881278538812785	41	0.023401826484018264
AR1322	1668	181	0.10851318944844125	54	0.03237410071942446
BS7527	1585	108	0.06813880126182965	73	0.04605678233438486
V67798	1545	114	0.07378640776699029	112	0.07249190938511327
BS7386	1462	136	0.09302325581395349	28	0.019151846785225718
BK5229	1406	100	0.07112375533428165	20	0.01422475106685633
V67800	1298	125	0.0963020030816641	99	0.07627118644067797
BK5231	1296	83	0.06404320987654322	26	0.020061728395061727
V67650	1291	92	0.07126258714175059	50	0.038729666924864445
BD4657	1256	133	0.10589171974522293	48	0.03821656050955414
BS6130	1147	115	0.1002615518744551	31	0.02702702702702703
BD2286	1122	107	0.09536541889483066	40	0.035650623885918005
BK4966	1085	84	0.07741935483870968	32	0.029493087557603687
BK4531	1074	145	0.13500931098696461	81	0.07541899441340782
BS3966	941	64	0.06801275239107332	29	0.030818278427205102
BD2047	889	89	0.10011248593925759	28	0.031496062992125984
BS7628	876	137	0.15639269406392695	19	0.021689497716894976
BD2621	872	79	0.09059633027522936	39	0.04472477064220184
BD3412	792	65	0.08207070707070707	33	0.041666666666666664
BD2211	702	60	0.08547008547008547	29	0.04131054131054131
V68765	691	127	0.1837916063675832	29	0.041968162083936326
BS7634	689	74	0.10740203193033382	19	0.027576197387518143
BS7360	686	62	0.09037900874635568	44	0.0641399416909621
BD2146	683	83	0.12152269399707175	24	0.03513909224011713
V67648	657	56	0.0852359208523592	28	0.0426179604261796
BD3581	653	62	0.09494640122511486	22	0.033690658499234305
BS9272	653	85	0.13016845329249618	17	0.026033690658499236
BD1577	643	122	0.18973561430793157	24	0.03732503888024884
BD2284	503	39	0.0775347912524851	22	0.0437375745526839
BS9271	476	63	0.1323529411764706	5	0.01050420168067227
AR2674	467	48	0.10278372591006424	31	0.06638115631691649
BD1659	465	38	0.08172043010752689	19	0.04086021505376344
M42932	446	63	0.1412556053811659	32	0.07174887892376682
BD3270	445	29	0.0651685393258427	16	0.035955056179775284
BD2777	431	50	0.11600928074245939	19	0.04408352668213457
BK3342	426	60	0.14084507042253522	7	0.01643192488262911
BD3584	418	40	0.09569377990430622	25	0.05980861244019139
BK3344	412	21	0.050970873786407765	3	0.007281553398058253
BD3167	391	45	0.11508951406649616	14	0.03580562659846547
BD3363	385	47	0.12207792207792208	13	0.033766233766233764
BD1972	359	37	0.10306406685236769	20	0.055710306406685235
BK4532	349	35	0.10028653295128939	25	0.07163323782234957
AR0455	349	39	0.11174785100286533	6	0.017191977077363897
BD3582	346	30	0.08670520231213873	12	0.03468208092485549
BK4963	336	26	0.07738095238095238	4	0.011904761904761904
BD4461	331	58	0.17522658610271905	9	0.027190332326283987
BD5460	329	34	0.1033434650455927	7	0.02127659574468085
BD2099	316	22	0.06962025316455696	17	0.05379746835443038
BD1973	314	62	0.19745222929936307	11	0.03503184713375796
M41415	309	34	0.11003236245954692	20	0.06472491909385113
BS3713	302	21	0.0695364238410596	8	0.026490066225165563
BD4460	299	44	0.14715719063545152	26	0.08695652173913043
BD2692	294	21	0.07142857142857142	9	0.030612244897959183
M41414	294	21	0.07142857142857142	16	0.05442176870748299
BD2289	290	25	0.08620689655172414	14	0.04827586206896552
BD1356	281	33	0.11743772241992882	4	0.014234875444839857
BK3164	280	33	0.11785714285714285	7	0.025
BP7953	279	19	0.06810035842293907	16	0.05734767025089606
BS7362	279	29	0.1039426523297491	10	0.035842293906810034
BJ8996	275	36	0.13090909090909092	23	0.08363636363636363
BD2778	272	53	0.1948529411764706	11	0.04044117647058824
AR1370	257	19	0.07392996108949416	4	0.01556420233463035
BS7361	254	34	0.13385826771653545	12	0.047244094488188976
28412	251	28	0.11155378486055777	4	0.01593625498007968
BS7259	251	35	0.1394422310756972	16	0.06374501992031872
BK1920	247	30	0.1214574898785425	1	0.004048582995951417
AR1371	244	27	0.11065573770491803	9	0.036885245901639344
BS9270	244	42	0.1721311475409836	5	0.020491803278688523
V65751	244	35	0.14344262295081966	21	0.0860655737704918
BK4961	232	25	0.10775862068965517	2	0.008620689655172414
V69320	230	30	0.13043478260869565	6	0.02608695652173913
V67653	220	19	0.08636363636363636	8	0.03636363636363636
BK4729	217	19	0.08755760368663594	2	0.009216589861751152
BD4668	208	17	0.08173076923076923	3	0.014423076923076924
BD3131	203	28	0.13793103448275862	13	0.06403940886699508
BD4951	196	33	0.1683673469387755	9	0.04591836734693878
AP4230	195	28	0.14358974358974358	6	0.03076923076923077
BD2069	194	31	0.15979381443298968	6	0.030927835051546393
BD4673	183	23	0.12568306010928962	4	0.02185792349726776
BJ8995	183	26	0.14207650273224043	6	0.03278688524590164
BS7295	174	16	0.09195402298850575	10	0.05747126436781609
BP7956	172	8	0.046511627906976744	5	0.029069767441860465
BD5595	170	35	0.20588235294117646	7	0.041176470588235294
BD1997	167	27	0.16167664670658682	2	0.011976047904191617
BS3717	166	26	0.1566265060240964	NA	NA
CV9816	164	19	0.11585365853658537	NA	NA
BD5343	164	26	0.15853658536585366	4	0.024390243902439025
BD1667	164	10	0.06097560975609756	4	0.024390243902439025
V67668	164	13	0.07926829268292683	6	0.036585365853658534
BD1991	162	28	0.1728395061728395	2	0.012345679012345678
BD3132	161	18	0.11180124223602485	11	0.06832298136645963
BK7297	160	21	0.13125	1	0.00625
BK6573	157	22	0.14012738853503184	2	0.012738853503184714
AJ3096	155	34	0.21935483870967742	6	0.03870967741935484
Z92722	154	32	0.2077922077922078	5	0.032467532467532464
AJ3061	153	40	0.26143790849673204	15	0.09803921568627451
BK4993	150	37	0.24666666666666667	19	0.12666666666666668
BK6576	149	20	0.1342281879194631	5	0.03355704697986577
BK4324	148	19	0.12837837837837837	5	0.033783783783783786
AR0088	147	16	0.10884353741496598	4	0.027210884353741496
BD4672	146	28	0.1917808219178082	6	0.0410958904109589
BD4935	146	16	0.1095890410958904	3	0.02054794520547945
BS7363	145	21	0.14482758620689656	15	0.10344827586206896
AR1698	144	12	0.08333333333333333	3	0.020833333333333332
AJ3329	140	20	0.14285714285714285	4	0.02857142857142857
BD4453	139	16	0.11510791366906475	1	0.007194244604316547
AQ9951	134	8	0.05970149253731343	NA	NA
BD4966	134	20	0.14925373134328357	6	0.04477611940298507
AK1347	134	19	0.1417910447761194	1	0.007462686567164179
BD4499	132	14	0.10606060606060606	1	0.007575757575757576
BD3998	131	24	0.183206106870229	2	0.015267175572519083
BD3123	130	16	0.12307692307692308	2	0.015384615384615385
AR0620	126	12	0.09523809523809523	1	0.007936507936507936
BD2768	126	12	0.09523809523809523	3	0.023809523809523808
AR0617	125	21	0.168	5	0.04
BD1897	125	23	0.184	6	0.048
BK4727	123	3	0.024390243902439025	2	0.016260162601626018
BK2927	122	25	0.20491803278688525	1	0.00819672131147541
BD3121	120	20	0.16666666666666666	3	0.025
BD1607	120	24	0.2	3	0.025
BK5086	119	29	0.24369747899159663	5	0.04201680672268908
AX9370	119	9	0.07563025210084033	4	0.03361344537815126
V67670	118	12	0.1016949152542373	3	0.025423728813559324
BD1974	115	24	0.20869565217391303	3	0.02608695652173913
AQ9828	113	13	0.11504424778761062	3	0.02654867256637168
AJ0338	112	10	0.08928571428571429	3	0.026785714285714284
BK0880	111	14	0.12612612612612611	2	0.018018018018018018
AR0616	110	14	0.12727272727272726	3	0.02727272727272727
BD4868	110	30	0.2727272727272727	5	0.045454545454545456
BD2074	110	13	0.11818181818181818	8	0.07272727272727272
BD3081	108	8	0.07407407407407407	3	0.027777777777777776
BD4529	105	15	0.14285714285714285	3	0.02857142857142857
BK4548	104	14	0.1346153846153846	1	0.009615384615384616
AR1521	102	7	0.06862745098039216	3	0.029411764705882353
BS7260	101	18	0.1782178217821782	4	0.039603960396039604
BD1518	96	23	0.23958333333333334	4	0.041666666666666664
AX9787	96	7	0.07291666666666667	4	0.041666666666666664
BK4176	95	13	0.1368421052631579	3	0.031578947368421054
M48780	95	11	0.11578947368421053	1	0.010526315789473684
BD4882	93	13	0.13978494623655913	3	0.03225806451612903
BD1898	93	15	0.16129032258064516	7	0.07526881720430108
AQ9550	92	10	0.10869565217391304	2	0.021739130434782608
BD4940	91	21	0.23076923076923078	2	0.02197802197802198
BK6481	91	12	0.13186813186813187	5	0.054945054945054944
B45122	90	9	0.1	2	0.022222222222222223
BK2911	90	18	0.2	9	0.1
AP4231	89	13	0.14606741573033707	2	0.02247191011235955
BD1900	89	6	0.06741573033707865	1	0.011235955056179775
BS5307	87	10	0.11494252873563218	2	0.022988505747126436
BK7317	86	9	0.10465116279069768	2	0.023255813953488372
BD3565	85	16	0.18823529411764706	1	0.011764705882352941
BD2854	85	15	0.17647058823529413	3	0.03529411764705882
AX9323	82	11	0.13414634146341464	6	0.07317073170731707
V68581	82	10	0.12195121951219512	2	0.024390243902439025
Z89568	82	11	0.13414634146341464	1	0.012195121951219513
V69326	82	4	0.04878048780487805	NA	NA
BD3219	81	2	0.024691358024691357	2	0.024691358024691357
AQ9751	81	11	0.13580246913580246	5	0.06172839506172839
AY0805	80	14	0.175	8	0.1
AR0896	80	7	0.0875	NA	NA
V62355	79	3	0.0379746835443038	2	0.02531645569620253
AQ9750	79	14	0.17721518987341772	NA	NA
V71985	78	6	0.07692307692307693	3	0.038461538461538464
AR0478	76	7	0.09210526315789473	1	0.013157894736842105
CE3101	76	8	0.10526315789473684	1	0.013157894736842105
AR1304	76	13	0.17105263157894737	2	0.02631578947368421
BD1181	75	8	0.10666666666666667	3	0.04
BK5208	75	7	0.09333333333333334	4	0.05333333333333334
AK1346	74	19	0.25675675675675674	1	0.013513513513513514
BR2198	74	14	0.1891891891891892	4	0.05405405405405406
AR3031	73	3	0.0410958904109589	1	0.0136986301369863
B47129	73	9	0.1232876712328767	NA	NA
BS9136	72	7	0.09722222222222222	1	0.013888888888888888
V65752	72	8	0.1111111111111111	4	0.05555555555555555
BD2100	71	10	0.14084507042253522	NA	NA
V66585	71	13	0.18309859154929578	1	0.014084507042253521
AI1641	69	20	0.2898550724637681	1	0.014492753623188406
AY1166	69	11	0.15942028985507245	10	0.14492753623188406
AJ1181	69	8	0.11594202898550725	5	0.07246376811594203
CE3097	69	7	0.10144927536231885	NA	NA
BD4888	69	13	0.18840579710144928	3	0.043478260869565216
M49011	69	5	0.07246376811594203	6	0.08695652173913043
AR0524	68	14	0.20588235294117646	3	0.04411764705882353
BD5023	68	7	0.10294117647058823	1	0.014705882352941176
AY6265	68	7	0.10294117647058823	NA	NA
AJ6238	68	2	0.029411764705882353	NA	NA
BK4322	66	15	0.22727272727272727	1	0.015151515151515152
BD3520	65	7	0.1076923076923077	1	0.015384615384615385
BS7366	64	11	0.171875	4	0.0625
V66584	64	10	0.15625	4	0.0625
AJ3059	63	12	0.19047619047619047	3	0.047619047619047616
BS7685	62	9	0.14516129032258066	NA	NA
BD4902	61	5	0.08196721311475409	4	0.06557377049180328
BK7321	60	6	0.1	4	0.06666666666666667
BS7262	60	5	0.08333333333333333	3	0.05
AK0630	59	25	0.423728813559322	2	0.03389830508474576
BD4903	59	10	0.1694915254237288	1	0.01694915254237288
AJ6011	59	3	0.05084745762711865	NA	NA
BD3006	59	9	0.15254237288135594	9	0.15254237288135594
V55619	59	3	0.05084745762711865	NA	NA
AR0846	58	4	0.06896551724137931	2	0.034482758620689655
BK7347	58	2	0.034482758620689655	1	0.017241379310344827
BD3289	57	12	0.21052631578947367	NA	NA
BS5910	57	9	0.15789473684210525	4	0.07017543859649122
AY1215	57	20	0.3508771929824561	3	0.05263157894736842
B45182	57	5	0.08771929824561403	1	0.017543859649122806
BD4732	57	12	0.21052631578947367	2	0.03508771929824561
AR2816	57	16	0.2807017543859649	2	0.03508771929824561
AR2610	56	9	0.16071428571428573	5	0.08928571428571429
BK7304	56	3	0.05357142857142857	1	0.017857142857142856
CE3093	56	10	0.17857142857142858	5	0.08928571428571429
S96389	55	17	0.3090909090909091	NA	NA
V71984	55	7	0.12727272727272726	1	0.01818181818181818
BJ9868	55	10	0.18181818181818182	1	0.01818181818181818
BD1902	55	7	0.12727272727272726	3	0.05454545454545454
M45930	54	12	0.2222222222222222	1	0.018518518518518517
BD1506	54	2	0.037037037037037035	2	0.037037037037037035
V70753	54	12	0.2222222222222222	9	0.16666666666666666
BK7300	54	8	0.14814814814814814	1	0.018518518518518517
AQ9752	54	11	0.2037037037037037	NA	NA
AR0630	53	9	0.16981132075471697	2	0.03773584905660377
BK6464	53	8	0.1509433962264151	NA	NA
V69421	53	3	0.05660377358490566	4	0.07547169811320754
BS7257	52	15	0.28846153846153844	3	0.057692307692307696
BD3300	52	9	0.17307692307692307	4	0.07692307692307693
BD1903	52	7	0.1346153846153846	2	0.038461538461538464
BS7293	52	11	0.21153846153846154	NA	NA
V68917	52	1	0.019230769230769232	NA	NA
BD3560	52	5	0.09615384615384616	1	0.019230769230769232
AY0975	51	3	0.058823529411764705	NA	NA
BS6683	51	12	0.23529411764705882	1	0.0196078431372549
AR0228	51	3	0.058823529411764705	1	0.0196078431372549
B45935	51	8	0.1568627450980392	1	0.0196078431372549
BD4466	51	12	0.23529411764705882	NA	NA
BD5759	51	9	0.17647058823529413	NA	NA
BD1513	51	7	0.13725490196078433	1	0.0196078431372549
AK0623	51	7	0.13725490196078433	3	0.058823529411764705
BD5119	51	10	0.19607843137254902	1	0.0196078431372549
AI1017	50	17	0.34	NA	NA
S96398	50	5	0.1	2	0.04
BD3994	50	9	0.18	NA	NA
AY0383	50	15	0.3	1	0.02
AR1441	50	5	0.1	NA	NA
AQ9957	50	1	0.02	NA	NA
BK5197	49	5	0.10204081632653061	NA	NA
AO3508	49	5	0.10204081632653061	NA	NA
AR1431	49	6	0.12244897959183673	NA	NA
BD4573	49	7	0.14285714285714285	1	0.02040816326530612
BD1652	49	2	0.04081632653061224	3	0.061224489795918366
BD4890	49	13	0.2653061224489796	5	0.10204081632653061
AX9682	48	8	0.16666666666666666	1	0.020833333333333332
S01355	48	7	0.14583333333333334	2	0.041666666666666664
BS5801	48	5	0.10416666666666667	2	0.041666666666666664
V70754	48	10	0.20833333333333334	1	0.020833333333333332
BD4422	48	8	0.16666666666666666	NA	NA
AK1225	47	10	0.2127659574468085	2	0.0425531914893617
BK6652	47	8	0.1702127659574468	NA	NA
BD5490	47	8	0.1702127659574468	1	0.02127659574468085
BD4939	46	7	0.15217391304347827	2	0.043478260869565216
V70614	46	7	0.15217391304347827	NA	NA
AQ9623	46	7	0.15217391304347827	3	0.06521739130434782
AY6286	46	NA	NA	NA	NA
B49898	46	9	0.1956521739130435	1	0.021739130434782608
BP7513	45	5	0.1111111111111111	NA	NA
M47915	45	5	0.1111111111111111	NA	NA
BD3566	45	5	0.1111111111111111	NA	NA
BJ9989	45	10	0.2222222222222222	1	0.022222222222222223
BD3226	44	3	0.06818181818181818	NA	NA
BS6916	44	3	0.06818181818181818	2	0.045454545454545456
V72071	44	3	0.06818181818181818	NA	NA
AR3124	44	9	0.20454545454545456	1	0.022727272727272728
BK4732	44	4	0.09090909090909091	1	0.022727272727272728
AJ6239	43	1	0.023255813953488372	NA	NA
BD1429	43	8	0.18604651162790697	NA	NA
AX9379	43	7	0.16279069767441862	NA	NA
AY2381	43	6	0.13953488372093023	NA	NA
B45941	42	1	0.023809523809523808	1	0.023809523809523808
B45985	42	4	0.09523809523809523	2	0.047619047619047616
BK7343	42	5	0.11904761904761904	NA	NA
AR1480	41	1	0.024390243902439025	NA	NA
AR0479	41	4	0.0975609756097561	NA	NA
V68768	41	9	0.21951219512195122	NA	NA
AO0498	40	4	0.1	5	0.125
AX9814	40	10	0.25	2	0.05
V71882	40	7	0.175	1	0.025
V70752	40	10	0.25	NA	NA
M48892	40	6	0.15	NA	NA
AK1227	40	7	0.175	1	0.025
BD5597	40	12	0.3	NA	NA
BD1550	40	4	0.1	NA	NA
BS5459	39	7	0.1794871794871795	1	0.02564102564102564
BD4574	39	3	0.07692307692307693	2	0.05128205128205128
BD1899	39	6	0.15384615384615385	2	0.05128205128205128
BD4733	39	5	0.1282051282051282	4	0.10256410256410256
M45407	39	7	0.1794871794871795	4	0.10256410256410256
AR1518	38	5	0.13157894736842105	NA	NA
V67654	38	1	0.02631578947368421	NA	NA
CV9802	38	3	0.07894736842105263	3	0.07894736842105263
BS7046	37	7	0.1891891891891892	1	0.02702702702702703
B47131	37	5	0.13513513513513514	NA	NA
36088	37	10	0.2702702702702703	1	0.02702702702702703
BK1962	37	8	0.21621621621621623	NA	NA
BD3299	37	9	0.24324324324324326	2	0.05405405405405406
AR0897	36	2	0.05555555555555555	NA	NA
S93779	36	2	0.05555555555555555	1	0.027777777777777776
AP8946	36	3	0.08333333333333333	2	0.05555555555555555
BS7043	36	12	0.3333333333333333	1	0.027777777777777776
BD3184	35	11	0.3142857142857143	NA	NA
BD5596	35	7	0.2	2	0.05714285714285714
BD5616	34	2	0.058823529411764705	NA	NA
BD3082	34	4	0.11764705882352941	NA	NA
AR1569	34	7	0.20588235294117646	1	0.029411764705882353
BK3966	34	4	0.11764705882352941	NA	NA
BS6750	34	2	0.058823529411764705	NA	NA
BD4481	34	NA	NA	NA	NA
BS6914	33	3	0.09090909090909091	1	0.030303030303030304
BK6651	33	1	0.030303030303030304	1	0.030303030303030304
BK0198	33	4	0.12121212121212122	1	0.030303030303030304
S93601	33	6	0.18181818181818182	1	0.030303030303030304
AR3132	33	3	0.09090909090909091	NA	NA
BK3972	33	NA	NA	NA	NA
AR2819	32	4	0.125	1	0.03125
BD4870	32	3	0.09375	NA	NA
AR0013	32	8	0.25	1	0.03125
BD4532	32	6	0.1875	NA	NA
BS8808	32	5	0.15625	1	0.03125
M49013	32	5	0.15625	NA	NA
BJ9778	31	5	0.16129032258064516	1	0.03225806451612903
V69420	31	4	0.12903225806451613	NA	NA
AN9961	31	5	0.16129032258064516	NA	NA
AY0963	31	10	0.3225806451612903	1	0.03225806451612903
AX5819	31	4	0.12903225806451613	NA	NA
BK1194	31	1	0.03225806451612903	NA	NA
S96388	30	8	0.26666666666666666	NA	NA
AY1824	30	1	0.03333333333333333	NA	NA
BD1426	30	5	0.16666666666666666	1	0.03333333333333333
AJ7422	30	6	0.2	NA	NA
V68199	30	5	0.16666666666666666	NA	NA
AR2452	29	6	0.20689655172413793	NA	NA
AX8208	29	11	0.3793103448275862	3	0.10344827586206896
BK3976	29	4	0.13793103448275862	1	0.034482758620689655
BS7417	29	2	0.06896551724137931	NA	NA
AR1442	29	4	0.13793103448275862	NA	NA
V69441	29	2	0.06896551724137931	NA	NA
BS7037	29	7	0.2413793103448276	NA	NA
6604	29	1	0.034482758620689655	NA	NA
Z91517	29	1	0.034482758620689655	10	0.3448275862068966
BS8807	29	9	0.3103448275862069	NA	NA
BK1923	28	6	0.21428571428571427	1	0.03571428571428571
BD3186	28	7	0.25	NA	NA
Z89972	28	4	0.14285714285714285	3	0.10714285714285714
AR2642	28	NA	NA	NA	NA
V72847	28	2	0.07142857142857142	1	0.03571428571428571
AR0530	27	5	0.18518518518518517	1	0.037037037037037035
BD4714	27	2	0.07407407407407407	NA	NA
BS9082	27	2	0.07407407407407407	1	0.037037037037037035
BD3288	27	2	0.07407407407407407	NA	NA
S94347	26	2	0.07692307692307693	NA	NA
AQ9818	26	5	0.19230769230769232	2	0.07692307692307693
AY0367	26	4	0.15384615384615385	NA	NA
S97540	26	9	0.34615384615384615	1	0.038461538461538464
BD4971	26	6	0.23076923076923078	2	0.07692307692307693
BD3595	26	4	0.15384615384615385	NA	NA
AR3159	26	2	0.07692307692307693	NA	NA
AY0829	26	5	0.19230769230769232	1	0.038461538461538464
BD2852	25	8	0.32	NA	NA
V66829	25	2	0.08	1	0.04
AJ0363	25	8	0.32	NA	NA
BK6279	25	2	0.08	2	0.08
V69048	25	NA	NA	NA	NA
BS7318	25	3	0.12	2	0.08
BK4537	25	7	0.28	1	0.04
BD4872	25	3	0.12	NA	NA
AR2817	24	5	0.20833333333333334	NA	NA
BS9138	24	4	0.16666666666666666	1	0.041666666666666664
AX9550	24	3	0.125	NA	NA
AR0844	24	7	0.2916666666666667	NA	NA
BD3092	24	3	0.125	NA	NA
AX9452	24	5	0.20833333333333334	1	0.041666666666666664
BD5498	24	3	0.125	3	0.125
V66433	23	6	0.2608695652173913	NA	NA
V63107	23	2	0.08695652173913043	NA	NA
AX9886	23	8	0.34782608695652173	NA	NA
BD2851	23	3	0.13043478260869565	1	0.043478260869565216
BD3229	23	2	0.08695652173913043	NA	NA
AK0629	23	9	0.391304347826087	2	0.08695652173913043
V66831	23	2	0.08695652173913043	NA	NA
BD5930	23	1	0.043478260869565216	1	0.043478260869565216
BD3007	23	5	0.21739130434782608	2	0.08695652173913043
BD4955	23	4	0.17391304347826086	NA	NA
BD2833	22	5	0.22727272727272727	1	0.045454545454545456
BD3169	22	1	0.045454545454545456	NA	NA
AI5458	22	2	0.09090909090909091	1	0.045454545454545456
BK6249	22	1	0.045454545454545456	NA	NA
BD4866	22	4	0.18181818181818182	1	0.045454545454545456
V72693	22	2	0.09090909090909091	1	0.045454545454545456
AP9190	22	2	0.09090909090909091	3	0.13636363636363635
BK1016	22	5	0.22727272727272727	2	0.09090909090909091
AR0051	22	2	0.09090909090909091	1	0.045454545454545456
BD3097	22	6	0.2727272727272727	NA	NA
AR3501	22	8	0.36363636363636365	1	0.045454545454545456
BD5480	22	2	0.09090909090909091	NA	NA
Z92044	22	1	0.045454545454545456	NA	NA
6394	22	4	0.18181818181818182	NA	NA
S94341	22	3	0.13636363636363635	NA	NA
AI2003	22	2	0.09090909090909091	NA	NA
BS8384	21	3	0.14285714285714285	NA	NA
AX9353	21	2	0.09523809523809523	NA	NA
BD5496	21	3	0.14285714285714285	2	0.09523809523809523
BD3086	21	3	0.14285714285714285	2	0.09523809523809523
BS7039	21	1	0.047619047619047616	NA	NA
BS5102	21	5	0.23809523809523808	1	0.047619047619047616
AY0479	21	5	0.23809523809523808	2	0.09523809523809523
AX9360	21	3	0.14285714285714285	NA	NA
S96399	20	5	0.25	NA	NA
AR2805	20	3	0.15	NA	NA
AX9441	20	2	0.1	NA	NA
AR2918	20	4	0.2	NA	NA
BK7351	20	7	0.35	NA	NA
AX8853	20	2	0.1	1	0.05
AR0532	20	5	0.25	NA	NA
V67302	20	NA	NA	NA	NA
BK7301	20	3	0.15	NA	NA
V69004	19	2	0.10526315789473684	NA	NA
V59143	19	2	0.10526315789473684	1	0.05263157894736842
AX9417	19	3	0.15789473684210525	NA	NA
AR0431	19	6	0.3157894736842105	NA	NA
BJ9865	19	NA	NA	1	0.05263157894736842
BD1182	19	4	0.21052631578947367	NA	NA
S96444	19	3	0.15789473684210525	NA	NA
CV9801	19	5	0.2631578947368421	NA	NA
M49146	19	2	0.10526315789473684	NA	NA
AJ0359	19	1	0.05263157894736842	NA	NA
BS9139	19	2	0.10526315789473684	NA	NA
AA3827	19	3	0.15789473684210525	NA	NA
AY0792	19	7	0.3684210526315789	NA	NA
AJ5371	19	3	0.15789473684210525	1	0.05263157894736842
AY0291	19	2	0.10526315789473684	1	0.05263157894736842
BK5964	19	3	0.15789473684210525	NA	NA
AR1437	19	1	0.05263157894736842	NA	NA
AR1527	19	2	0.10526315789473684	NA	NA
BK3173	18	3	0.16666666666666666	NA	NA
BK5199	18	1	0.05555555555555555	NA	NA
V68745	18	3	0.16666666666666666	NA	NA
V68236	18	4	0.2222222222222222	NA	NA
Z82904	18	3	0.16666666666666666	NA	NA
AY0733	18	4	0.2222222222222222	1	0.05555555555555555
AX9887	18	6	0.3333333333333333	NA	NA
S94248	18	11	0.6111111111111112	NA	NA
BD3849	18	3	0.16666666666666666	NA	NA
BD3596	18	3	0.16666666666666666	1	0.05555555555555555
BD4462	18	4	0.2222222222222222	NA	NA
AX9359	18	3	0.16666666666666666	4	0.2222222222222222
B46039	17	8	0.47058823529411764	3	0.17647058823529413
AR3032	17	2	0.11764705882352941	NA	NA
AJ3095	17	2	0.11764705882352941	1	0.058823529411764705
BQ3706	17	2	0.11764705882352941	NA	NA
AR1894	17	1	0.058823529411764705	NA	NA
AB0653	17	1	0.058823529411764705	NA	NA
BD5607	17	1	0.058823529411764705	NA	NA
BS5306	17	2	0.11764705882352941	NA	NA
AK0651	17	6	0.35294117647058826	NA	NA
CD1454	17	3	0.17647058823529413	NA	NA
BD4538	17	6	0.35294117647058826	NA	NA
BD5481	17	6	0.35294117647058826	NA	NA
B45922	17	5	0.29411764705882354	1	0.058823529411764705
AR1481	17	NA	NA	NA	NA
AX9703	17	4	0.23529411764705882	NA	NA
BD1785	16	2	0.125	NA	NA
AI2697	16	1	0.0625	NA	NA
AJ1792	16	1	0.0625	NA	NA
AY1165	16	2	0.125	1	0.0625
BD1666	16	2	0.125	NA	NA
S99815	16	4	0.25	NA	NA
BP6233	16	2	0.125	NA	NA
AK0468	16	5	0.3125	1	0.0625
J15298	16	2	0.125	NA	NA
AY1175	16	2	0.125	2	0.125
AR1429	16	1	0.0625	1	0.0625
AY0443	16	3	0.1875	1	0.0625
AJ7419	16	2	0.125	NA	NA
AJ2517	15	NA	NA	NA	NA
BJ9633	15	3	0.2	NA	NA
S99567	15	3	0.2	NA	NA
BD4540	15	7	0.4666666666666667	NA	NA
AY0351	15	2	0.13333333333333333	NA	NA
BS6811	15	2	0.13333333333333333	1	0.06666666666666667
BD5606	15	3	0.2	NA	NA
S01455	15	NA	NA	2	0.13333333333333333
BJ9664	15	1	0.06666666666666667	NA	NA
AY0366	15	1	0.06666666666666667	NA	NA
Z89951	15	NA	NA	NA	NA
AJ0679	15	3	0.2	NA	NA
AX8967	15	1	0.06666666666666667	2	0.13333333333333333
AJ3163	15	2	0.13333333333333333	2	0.13333333333333333
V66559	15	NA	NA	NA	NA
BK1062	15	5	0.3333333333333333	NA	NA
BD2143	15	3	0.2	NA	NA
AR1433	15	NA	NA	NA	NA
AX9838	14	3	0.21428571428571427	3	0.21428571428571427
AY0442	14	1	0.07142857142857142	1	0.07142857142857142
V67845	14	2	0.14285714285714285	NA	NA
B43498	14	9	0.6428571428571429	NA	NA
BP6231	14	NA	NA	NA	NA
AY0881	14	NA	NA	NA	NA
V69376	14	3	0.21428571428571427	NA	NA
AX9292	14	6	0.42857142857142855	NA	NA
AY1190	14	6	0.42857142857142855	NA	NA
AQ9899	14	4	0.2857142857142857	NA	NA
Z79785	14	1	0.07142857142857142	NA	NA
AY0342	14	4	0.2857142857142857	2	0.14285714285714285
S94255	14	2	0.14285714285714285	NA	NA
BD4137	14	1	0.07142857142857142	1	0.07142857142857142
BD1660	14	1	0.07142857142857142	1	0.07142857142857142
AY0585	14	1	0.07142857142857142	NA	NA
AX9291	13	10	0.7692307692307693	NA	NA
V69325	13	1	0.07692307692307693	NA	NA
AX5733	13	6	0.46153846153846156	NA	NA
BK2515	13	NA	NA	NA	NA
AQ9958	13	2	0.15384615384615385	NA	NA
CN0211	13	2	0.15384615384615385	NA	NA
AR0190	13	NA	NA	NA	NA
M47613	13	1	0.07692307692307693	NA	NA
BK1209	13	2	0.15384615384615385	NA	NA
BP6886	13	2	0.15384615384615385	NA	NA
BD3559	13	2	0.15384615384615385	1	0.07692307692307693
AP9088	13	1	0.07692307692307693	NA	NA
BD5534	13	3	0.23076923076923078	NA	NA
M45405	13	2	0.15384615384615385	NA	NA
AP8994	13	1	0.07692307692307693	NA	NA
BS7254	13	1	0.07692307692307693	NA	NA
AX8681	13	6	0.46153846153846156	1	0.07692307692307693
6606	13	1	0.07692307692307693	NA	NA
AX9810	13	1	0.07692307692307693	NA	NA
AI2005	13	3	0.23076923076923078	NA	NA
AY0440	13	NA	NA	NA	NA
AY1818	12	1	0.08333333333333333	NA	NA
AX9765	12	2	0.16666666666666666	NA	NA
V62837	12	3	0.25	NA	NA
AY0444	12	2	0.16666666666666666	3	0.25
AR1512	12	1	0.08333333333333333	NA	NA
BD1492	12	NA	NA	NA	NA
AJ2665	12	1	0.08333333333333333	NA	NA
AX9533	12	1	0.08333333333333333	NA	NA
AA3920	12	NA	NA	NA	NA
AR0095	12	2	0.16666666666666666	1	0.08333333333333333
BK6575	12	NA	NA	NA	NA
AI1640	12	2	0.16666666666666666	NA	NA
AR2645	12	1	0.08333333333333333	NA	NA
AY2223	12	2	0.16666666666666666	1	0.08333333333333333
AR0619	12	2	0.16666666666666666	1	0.08333333333333333
AR1517	12	5	0.4166666666666667	NA	NA
BJ9783	12	1	0.08333333333333333	NA	NA
AX9816	12	5	0.4166666666666667	NA	NA
BD1923	11	1	0.09090909090909091	1	0.09090909090909091
AX9785	11	NA	NA	NA	NA
BD1925	11	1	0.09090909090909091	1	0.09090909090909091
AJ3165	11	NA	NA	NA	NA
BJ9652	11	NA	NA	NA	NA
V72846	11	2	0.18181818181818182	NA	NA
BS5802	11	2	0.18181818181818182	NA	NA
AJ2789	11	4	0.36363636363636365	NA	NA
BJ9986	11	2	0.18181818181818182	4	0.36363636363636365
BK5297	11	NA	NA	NA	NA
CN0212	11	1	0.09090909090909091	NA	NA
V72680	11	3	0.2727272727272727	NA	NA
AJ3395	11	NA	NA	NA	NA
B45971	11	2	0.18181818181818182	NA	NA
BJ9696	11	4	0.36363636363636365	NA	NA
B47137	11	NA	NA	3	0.2727272727272727
AK0465	11	4	0.36363636363636365	1	0.09090909090909091
V69386	11	2	0.18181818181818182	NA	NA
AJ2666	11	NA	NA	NA	NA
AY0384	11	1	0.09090909090909091	NA	NA
B47081	11	4	0.36363636363636365	3	0.2727272727272727
AI1613	10	1	0.1	NA	NA
Z94348	10	NA	NA	NA	NA
AY0331	10	NA	NA	1	0.1
S94258	10	1	0.1	NA	NA
AQ9838	10	3	0.3	NA	NA
AX8680	10	2	0.2	2	0.2
AZ0158	10	NA	NA	NA	NA
AY1236	10	3	0.3	NA	NA
BK3095	10	NA	NA	4	0.4
AQ9664	10	1	0.1	NA	NA
AQ9245	10	2	0.2	NA	NA
BS6526	10	3	0.3	NA	NA
AY0446	10	2	0.2	1	0.1
AR1430	10	NA	NA	3	0.3
AX9421	10	2	0.2	1	0.1
AY0477	10	4	0.4	1	0.1
V69398	10	2	0.2	NA	NA
AY0459	10	NA	NA	NA	NA
AY0289	10	2	0.2	1	0.1
BK1091	10	1	0.1	NA	NA
BS9084	10	3	0.3	NA	NA
BD3416	10	NA	NA	NA	NA
V67974	10	2	0.2	NA	NA
AR0842	10	NA	NA	NA	NA
AK1467	10	NA	NA	NA	NA
AK0683	10	1	0.1	NA	NA
AO0221	10	NA	NA	NA	NA
AJ3789	9	2	0.2222222222222222	NA	NA
AK0403	9	1	0.1111111111111111	NA	NA
V71834	9	1	0.1111111111111111	NA	NA
BK1063	9	1	0.1111111111111111	NA	NA
BD3095	9	1	0.1111111111111111	1	0.1111111111111111
AY0362	9	4	0.4444444444444444	NA	NA
M46607	9	1	0.1111111111111111	2	0.2222222222222222
Z82328	9	5	0.5555555555555556	NA	NA
AJ3308	9	NA	NA	NA	NA
S94266	9	3	0.3333333333333333	NA	NA
BD3133	9	NA	NA	NA	NA
AJ2542	9	2	0.2222222222222222	NA	NA
S94271	9	3	0.3333333333333333	NA	NA
BJ9967	9	1	0.1111111111111111	1	0.1111111111111111
AN9960	9	1	0.1111111111111111	NA	NA
BD4578	9	NA	NA	2	0.2222222222222222
V66435	9	2	0.2222222222222222	NA	NA
AR2603	9	1	0.1111111111111111	NA	NA
AY2229	9	1	0.1111111111111111	NA	NA
AY0895	9	1	0.1111111111111111	NA	NA
BS6812	9	5	0.5555555555555556	NA	NA
V69489	9	1	0.1111111111111111	NA	NA
AJ3094	9	1	0.1111111111111111	NA	NA
BJ9346	9	1	0.1111111111111111	NA	NA
AX9843	9	1	0.1111111111111111	NA	NA
BS8290	8	NA	NA	1	0.125
AY1912	8	NA	NA	NA	NA
CN0213	8	NA	NA	NA	NA
AY0456	8	NA	NA	NA	NA
M49036	8	2	0.25	NA	NA
BK3069	8	2	0.25	NA	NA
AQ9775	8	1	0.125	NA	NA
BS5388	8	3	0.375	NA	NA
V68624	8	NA	NA	NA	NA
AJ0460	8	3	0.375	NA	NA
V69490	8	1	0.125	NA	NA
BQ2200	8	NA	NA	NA	NA
AX8996	8	1	0.125	NA	NA
BQ2198	8	NA	NA	NA	NA
AY1217	8	1	0.125	NA	NA
BS7414	8	2	0.25	NA	NA
AX9357	8	3	0.375	NA	NA
BD1584	8	2	0.25	NA	NA
AR0399	8	1	0.125	NA	NA
S93759	8	1	0.125	NA	NA
AX9469	8	4	0.5	NA	NA
AY0729	8	2	0.25	NA	NA
AP3040	8	2	0.25	NA	NA
AY0987	8	2	0.25	NA	NA
CV9817	8	2	0.25	NA	NA
BJ9634	8	NA	NA	1	0.125
BK6463	8	NA	NA	NA	NA
V67655	7	NA	NA	NA	NA
AJ3169	7	2	0.2857142857142857	NA	NA
BS6062	7	NA	NA	NA	NA
BD1889	7	2	0.2857142857142857	NA	NA
AX8948	7	NA	NA	NA	NA
AR0961	7	NA	NA	NA	NA
BD1548	7	NA	NA	NA	NA
BD4580	7	NA	NA	NA	NA
S98850	7	1	0.14285714285714285	NA	NA
V66116	7	2	0.2857142857142857	NA	NA
AI1664	7	2	0.2857142857142857	NA	NA
AR2804	7	2	0.2857142857142857	NA	NA
AY1004	7	2	0.2857142857142857	NA	NA
AQ9961	7	NA	NA	NA	NA
AJ7410	7	NA	NA	NA	NA
AY0139	7	2	0.2857142857142857	NA	NA
BQ7458	7	NA	NA	1	0.14285714285714285
AX9307	7	1	0.14285714285714285	NA	NA
AY1031	7	1	0.14285714285714285	NA	NA
AJ3205	7	1	0.14285714285714285	NA	NA
AQ9615	7	1	0.14285714285714285	NA	NA
BS7840	7	NA	NA	NA	NA
AY0344	7	2	0.2857142857142857	NA	NA
S93635	7	3	0.42857142857142855	NA	NA
AJ3164	7	2	0.2857142857142857	NA	NA
B45263	7	1	0.14285714285714285	NA	NA
V63608	7	NA	NA	NA	NA
AJ2790	7	2	0.2857142857142857	NA	NA
AY1174	7	1	0.14285714285714285	2	0.2857142857142857
AY1026	7	2	0.2857142857142857	NA	NA
AR1475	7	1	0.14285714285714285	1	0.14285714285714285
BD3379	7	1	0.14285714285714285	1	0.14285714285714285
BD4423	6	1	0.16666666666666666	NA	NA
BS7464	6	1	0.16666666666666666	NA	NA
AQ9974	6	NA	NA	NA	NA
BJ9628	6	NA	NA	NA	NA
BS7044	6	2	0.3333333333333333	NA	NA
BD4972	6	NA	NA	1	0.16666666666666666
AJ3039	6	2	0.3333333333333333	NA	NA
AJ3476	6	1	0.16666666666666666	1	0.16666666666666666
BK1116	6	1	0.16666666666666666	2	0.3333333333333333
AQ9851	6	NA	NA	NA	NA
BK6484	6	4	0.6666666666666666	NA	NA
AJ7402	6	NA	NA	NA	NA
AK0649	6	3	0.5	NA	NA
AA1543	6	NA	NA	NA	NA
BK5207	6	2	0.3333333333333333	1	0.16666666666666666
AY1492	6	3	0.5	NA	NA
S94238	6	2	0.3333333333333333	NA	NA
BS6751	6	3	0.5	NA	NA
BQ5180	6	NA	NA	NA	NA
AY0830	6	2	0.3333333333333333	NA	NA
B85024	6	2	0.3333333333333333	NA	NA
S93768	6	NA	NA	NA	NA
BS7038	6	3	0.5	NA	NA
AY0345	6	3	0.5	NA	NA
V69379	6	1	0.16666666666666666	NA	NA
S98490	6	NA	NA	NA	NA
CE3092	6	1	0.16666666666666666	NA	NA
BD1147	6	1	0.16666666666666666	NA	NA
AO2915	6	NA	NA	NA	NA
Z60138	6	NA	NA	NA	NA
BJ9852	6	1	0.16666666666666666	NA	NA
AX9348	6	NA	NA	NA	NA
AQ9850	6	2	0.3333333333333333	NA	NA
V67303	6	NA	NA	NA	NA
AP9071	6	1	0.16666666666666666	NA	NA
M49213	6	2	0.3333333333333333	1	0.16666666666666666
AK1299	6	1	0.16666666666666666	NA	NA
BS7041	6	3	0.5	NA	NA
AP3042	6	3	0.5	NA	NA
AJ3204	6	1	0.16666666666666666	NA	NA
AK1468	6	1	0.16666666666666666	NA	NA
V68809	6	NA	NA	NA	NA
AJ0458	6	NA	NA	NA	NA
BD4688	6	3	0.5	NA	NA
BD1924	6	2	0.3333333333333333	NA	NA
AY1158	5	NA	NA	NA	NA
BQ4850	5	NA	NA	NA	NA
AR2581	5	1	0.2	NA	NA
AY1238	5	NA	NA	NA	NA
AX9480	5	2	0.4	NA	NA
AQ9665	5	1	0.2	1	0.2
AR3122	5	3	0.6	NA	NA
S01514	5	NA	NA	NA	NA
S95805	5	1	0.2	NA	NA
AK0440	5	NA	NA	NA	NA
BS7048	5	1	0.2	NA	NA
BS7209	5	1	0.2	1	0.2
B47149	5	1	0.2	1	0.2
AK0647	5	NA	NA	NA	NA
BQ9265	5	NA	NA	NA	NA
BS6064	5	2	0.4	NA	NA
AY0293	5	NA	NA	NA	NA
AP9076	5	NA	NA	NA	NA
AP3047	5	NA	NA	NA	NA
AR1576	5	NA	NA	NA	NA
M45452	5	NA	NA	NA	NA
S93820	5	2	0.4	NA	NA
V68746	5	NA	NA	NA	NA
AY0469	5	2	0.4	NA	NA
BJ9001	5	1	0.2	1	0.2
BJ9827	5	NA	NA	NA	NA
V69481	5	1	0.2	NA	NA
V71928	5	2	0.4	NA	NA
AY1176	5	2	0.4	NA	NA
AI4928	5	NA	NA	NA	NA
Z73376	5	NA	NA	NA	NA
S94231	5	1	0.2	NA	NA
BS5792	5	NA	NA	NA	NA
BS4295	5	1	0.2	NA	NA
S94351	5	1	0.2	NA	NA
AY6276	5	1	0.2	NA	NA
AO3506	5	NA	NA	NA	NA
BD1890	5	3	0.6	NA	NA
AY0261	5	NA	NA	NA	NA
AJ3291	5	2	0.4	NA	NA
AY1012	5	1	0.2	NA	NA
BD2168	4	NA	NA	1	0.25
BJ9626	4	NA	NA	NA	NA
BJ9858	4	NA	NA	NA	NA
BD1144	4	1	0.25	NA	NA
V69377	4	1	0.25	NA	NA
AI1088	4	1	0.25	NA	NA
AR0606	4	NA	NA	NA	NA
V68289	4	2	0.5	NA	NA
AO4436	4	NA	NA	NA	NA
BK7225	4	NA	NA	2	0.5
AA9631	4	1	0.25	NA	NA
S93751	4	2	0.5	NA	NA
BD4425	4	1	0.25	1	0.25
V69001	4	2	0.5	NA	NA
BD4691	4	NA	NA	NA	NA
AJ2543	4	NA	NA	NA	NA
AR0444	4	NA	NA	NA	NA
AY0012	4	NA	NA	NA	NA
BD3188	4	1	0.25	NA	NA
BD3190	4	1	0.25	NA	NA
AY1833	4	NA	NA	NA	NA
BJ8895	4	2	0.5	NA	NA
AQ9978	4	1	0.25	NA	NA
AJ3332	4	1	0.25	NA	NA
AY2000	4	1	0.25	NA	NA
BR2055	4	1	0.25	NA	NA
AY0350	4	1	0.25	NA	NA
AR3049	4	1	0.25	NA	NA
BK6293	4	NA	NA	NA	NA
BD5488	4	NA	NA	NA	NA
BS6367	4	NA	NA	NA	NA
AK0402	4	NA	NA	NA	NA
S01334	4	1	0.25	NA	NA
BK1125	4	1	0.25	NA	NA
AP4232	4	1	0.25	NA	NA
S93641	4	1	0.25	NA	NA
V69000	4	1	0.25	NA	NA
BJ9968	4	1	0.25	NA	NA
AI2749	3	1	0.3333333333333333	NA	NA
BD1467	3	NA	NA	1	0.3333333333333333
BS5287	3	NA	NA	NA	NA
B85023	3	1	0.3333333333333333	NA	NA
AX9875	3	NA	NA	NA	NA
BS8347	3	1	0.3333333333333333	NA	NA
BJ9821	3	NA	NA	NA	NA
AR1699	3	1	0.3333333333333333	NA	NA
AQ9973	3	NA	NA	NA	NA
BK2508	3	NA	NA	NA	NA
BJ9697	3	2	0.6666666666666666	NA	NA
BD4864	3	NA	NA	NA	NA
BK1094	3	NA	NA	NA	NA
CD2175	3	NA	NA	NA	NA
AY1916	3	NA	NA	NA	NA
CD1435	3	1	0.3333333333333333	NA	NA
BK2848	3	NA	NA	NA	NA
AX9289	3	NA	NA	NA	NA
AR0211	3	1	0.3333333333333333	NA	NA
CF8509	3	NA	NA	NA	NA
AO3254	3	1	0.3333333333333333	NA	NA
AX9351	3	2	0.6666666666666666	NA	NA
AR2874	3	1	0.3333333333333333	NA	NA
Z58415	3	NA	NA	NA	NA
BS5980	3	NA	NA	NA	NA
AR1568	3	NA	NA	NA	NA
BS8599	3	NA	NA	NA	NA
AR0060	3	NA	NA	NA	NA
AY0330	3	1	0.3333333333333333	NA	NA
AR1528	3	NA	NA	NA	NA
AQ9959	3	NA	NA	NA	NA
AR0059	3	NA	NA	NA	NA
M49212	3	1	0.3333333333333333	1	0.3333333333333333
BJ9888	3	NA	NA	NA	NA
AY1493	3	NA	NA	NA	NA
BD4433	3	2	0.6666666666666666	NA	NA
BS8320	3	NA	NA	1	0.3333333333333333
M46608	3	NA	NA	NA	NA
BQ9268	3	NA	NA	NA	NA
AK1179	3	1	0.3333333333333333	NA	NA
AQ9826	3	1	0.3333333333333333	NA	NA
CD1456	3	1	0.3333333333333333	NA	NA
CE7206	3	NA	NA	NA	NA
V66436	3	1	0.3333333333333333	NA	NA
V67887	3	1	0.3333333333333333	NA	NA
BS7210	3	NA	NA	NA	NA
BQ0654	3	NA	NA	NA	NA
BJ9650	3	1	0.3333333333333333	NA	NA
V69133	3	NA	NA	NA	NA
AX9422	3	NA	NA	NA	NA
AJ3047	3	NA	NA	NA	NA
AA1185	3	NA	NA	NA	NA
B47138	3	NA	NA	NA	NA
S93821	3	NA	NA	NA	NA
V63524	3	NA	NA	NA	NA
BS5795	2	1	0.5	NA	NA
AR0574	2	NA	NA	NA	NA
AQ9776	2	1	0.5	NA	NA
AX9040	2	1	0.5	1	0.5
BS6063	2	1	0.5	NA	NA
AY1003	2	NA	NA	NA	NA
AR0480	2	NA	NA	NA	NA
AJ0454	2	NA	NA	NA	NA
AR1474	2	NA	NA	NA	NA
AR2623	2	NA	NA	NA	NA
AY1252	2	NA	NA	NA	NA
AX8979	2	1	0.5	NA	NA
AY1237	2	1	0.5	NA	NA
BP6889	2	NA	NA	NA	NA
AB0897	2	NA	NA	NA	NA
BJ8876	2	NA	NA	NA	NA
Z93331	2	NA	NA	NA	NA
AR3155	2	NA	NA	NA	NA
BD2808	2	NA	NA	NA	NA
AX9349	2	1	0.5	NA	NA
BS5148	2	NA	NA	NA	NA
BK1196	2	NA	NA	NA	NA
AY0359	2	1	0.5	NA	NA
V72845	2	NA	NA	NA	NA
BD2830	2	NA	NA	NA	NA
BJ8879	2	NA	NA	NA	NA
BD4883	2	NA	NA	1	0.5
BJ9834	2	NA	NA	NA	NA
BR9639	2	NA	NA	NA	NA
AR2873	2	1	0.5	NA	NA
BJ9660	2	1	0.5	NA	NA
BK1190	2	NA	NA	NA	NA
BR4503	2	1	0.5	NA	NA
AQ9960	2	NA	NA	NA	NA
V68918	2	NA	NA	NA	NA
AY0447	2	NA	NA	NA	NA
V72694	2	NA	NA	NA	NA
BJ9638	2	NA	NA	NA	NA
BD2559	2	NA	NA	NA	NA
AO4450	2	NA	NA	NA	NA
BJ9701	2	NA	NA	NA	NA
AR0960	2	NA	NA	NA	NA
BS8576	2	1	0.5	NA	NA
BK4310	2	NA	NA	NA	NA
BD4889	2	NA	NA	NA	NA
S02364	2	NA	NA	NA	NA
AK0585	2	NA	NA	NA	NA
AR0227	2	NA	NA	1	0.5
AJ0852	2	NA	NA	NA	NA
CF2251	2	NA	NA	NA	NA
CF2246	2	NA	NA	1	0.5
BS8598	2	NA	NA	NA	NA
BK3184	2	1	0.5	NA	NA
AY0274	2	NA	NA	NA	NA
BK3148	1	NA	NA	NA	NA
V68464	1	NA	NA	NA	NA
BS6247	1	NA	NA	NA	NA
BK3145	1	NA	NA	NA	NA
AR3149	1	NA	NA	NA	NA
BK7322	1	NA	NA	NA	NA
AR2493	1	NA	NA	NA	NA
BS1575	1	1	1.0	NA	NA
BK1130	1	NA	NA	NA	NA
S98489	1	NA	NA	NA	NA
BK3187	1	1	1.0	NA	NA
V62750	1	NA	NA	NA	NA
AR1686	1	NA	NA	NA	NA
AJ3049	1	1	1.0	NA	NA
V69488	1	NA	NA	NA	NA
B45241	1	NA	NA	NA	NA
AX9056	1	1	1.0	NA	NA
BS8536	1	NA	NA	NA	NA
AR1263	1	NA	NA	NA	NA
BS7356	1	NA	NA	NA	NA
BS8098	1	NA	NA	NA	NA
BS1581	1	1	1.0	NA	NA
AZ5703	1	NA	NA	NA	NA
BD1724	1	NA	NA	NA	NA
BS5564	1	NA	NA	NA	NA
V62751	1	NA	NA	NA	NA
BS6383	1	NA	NA	NA	NA
AO3275	1	NA	NA	NA	NA
BD4885	1	NA	NA	NA	NA
BD4778	1	NA	NA	NA	NA
AR3119	1	NA	NA	NA	NA
AR0572	1	NA	NA	NA	NA
AZ0258	1	NA	NA	NA	NA
BS6170	1	1	1.0	NA	NA
BS8351	1	NA	NA	NA	NA
B49896	1	1	1.0	NA	NA
BJ9639	1	NA	NA	NA	NA
AX5707	1	NA	NA	NA	NA
BS1526	1	1	1.0	NA	NA
V69439	1	NA	NA	NA	NA
AX9158	1	NA	NA	NA	NA
BR4636	1	NA	NA	NA	NA
AZ5707	1	NA	NA	NA	NA
AI1698	1	NA	NA	NA	NA
AR2818	1	NA	NA	NA	NA
CF2245	1	NA	NA	1	1.0
BR4845	1	NA	NA	NA	NA
BD4758	1	NA	NA	NA	NA
BS6356	1	1	1.0	NA	NA
AX9534	1	NA	NA	NA	NA
BD4692	1	NA	NA	NA	NA
S94256	1	NA	NA	NA	NA
AR2813	1	NA	NA	NA	NA
BR2321	1	NA	NA	NA	NA
AR0445	1	1	1.0	NA	NA
BS5132	1	NA	NA	NA	NA
AK0612	1	NA	NA	NA	NA
BQ5527	1	1	1.0	NA	NA
AX9125	1	1	1.0	NA	NA

=======================
Model	Sold	Return	ReturnRate	Exchange	ExchangeRate
JLL49	3821	452	0.11829364040827009	141	0.0369013347291285
AVA48	3047	244	0.08007876599934362	101	0.03314735805710535
AUV33	2843	239	0.08406612733028491	211	0.07421737601125572
NQE02	2702	183	0.06772760917838638	46	0.017024426350851222
AVX57	2581	383	0.14839209608678808	122	0.04726850058117009
AVZ30	2509	188	0.07493025109605421	101	0.04025508170585891
JLN98	2168	167	0.07702952029520295	86	0.03966789667896679
AVJ03	2128	212	0.09962406015037593	87	0.04088345864661654
AVW41	2035	208	0.10221130221130222	80	0.03931203931203931
AVZ32	1830	77	0.04207650273224044	42	0.022950819672131147
NT097	1791	157	0.0876605248464545	67	0.03740926856504746
AVL98	1668	181	0.10851318944844125	54	0.03237410071942446
MW564	1637	209	0.12767257177764202	99	0.06047648136835675
AVR22	1625	146	0.08984615384615384	62	0.038153846153846156
AWL19	1565	211	0.13482428115015974	38	0.02428115015974441
BVY03	1423	180	0.12649332396345747	106	0.07449051300070274
NWN92	1392	91	0.0653735632183908	50	0.035919540229885055
AWP48	1373	190	0.13838310269482884	27	0.019664967225054626
AWK39	1219	125	0.10254306808859721	66	0.054142739950779326
NUG28	1085	84	0.07741935483870968	32	0.029493087557603687
AVT99	889	89	0.10011248593925759	28	0.031496062992125984
MKK46	838	81	0.09665871121718377	10	0.011933174224343675
NT101	703	103	0.1465149359886202	30	0.04267425320056899
AVR18	702	60	0.08547008547008547	29	0.04131054131054131
AVR41	683	83	0.12152269399707175	24	0.03513909224011713
AVV10	673	99	0.14710252600297177	31	0.04606240713224369
AVS84	643	122	0.18973561430793157	24	0.03732503888024884
NUG45	568	51	0.0897887323943662	6	0.01056338028169014
AUT57	549	76	0.1384335154826958	15	0.0273224043715847
AVJ78	501	46	0.09181636726546906	13	0.02594810379241517
AVS71	479	39	0.081419624217119	20	0.04175365344467641
MT491	468	51	0.10897435897435898	15	0.03205128205128205
DJU56	468	47	0.10042735042735043	8	0.017094017094017096
AVP66	467	48	0.10278372591006424	31	0.06638115631691649
NUI24	458	62	0.13537117903930132	29	0.06331877729257641
AVJ30	449	63	0.1403118040089087	11	0.024498886414253896
AVL94	445	29	0.0651685393258427	16	0.035955056179775284
AVI96	418	40	0.09569377990430622	25	0.05980861244019139
AVZ33	417	51	0.1223021582733813	13	0.03117505995203837
AVW93	413	46	0.11138014527845036	14	0.03389830508474576
AVU41	387	32	0.082687338501292	17	0.04392764857881137
NR394	369	52	0.14092140921409213	27	0.07317073170731707
NT970	364	46	0.12637362637362637	24	0.06593406593406594
AVW78	355	61	0.17183098591549295	9	0.02535211267605634
AVL59	349	39	0.11174785100286533	6	0.017191977077363897
NUG81	340	22	0.06470588235294118	4	0.011764705882352941
AVN70	329	34	0.1033434650455927	7	0.02127659574468085
AVU05	329	55	0.16717325227963525	4	0.0121580547112462
AVW82	321	50	0.1557632398753894	26	0.08099688473520249
BVQ14	318	42	0.1320754716981132	7	0.0220125786163522
AVR40	296	36	0.12162162162162163	4	0.013513513513513514
AVU51	295	50	0.1694915254237288	6	0.020338983050847456
AVX54	294	21	0.07142857142857142	9	0.030612244897959183
AVR23	290	25	0.08620689655172414	14	0.04827586206896552
BKC14	288	42	0.14583333333333334	8	0.027777777777777776
NPX43	280	33	0.11785714285714285	7	0.025
BVY60	275	36	0.13090909090909092	2	0.007272727272727273
AVT14	257	44	0.17120622568093385	15	0.058365758754863814
OC079	251	28	0.11155378486055777	4	0.01593625498007968
AVU56	250	36	0.144	5	0.02
AWF91	245	54	0.22040816326530613	9	0.036734693877551024
AUV14	230	30	0.13043478260869565	6	0.02608695652173913
AAL27	216	52	0.24074074074074073	18	0.08333333333333333
AVH32	214	36	0.16822429906542055	5	0.02336448598130841
BVP98	214	34	0.1588785046728972	6	0.028037383177570093
AWK40	209	32	0.15311004784688995	19	0.09090909090909091
BDA89	208	38	0.18269230769230768	2	0.009615384615384616
AWC03	206	24	0.11650485436893204	5	0.024271844660194174
JWW49	203	24	0.11822660098522167	3	0.014778325123152709
AVT46	196	20	0.10204081632653061	6	0.030612244897959183
AVC90	196	33	0.1683673469387755	9	0.04591836734693878
BVY32	194	23	0.11855670103092783	3	0.015463917525773196
AUX89	187	15	0.08021390374331551	3	0.016042780748663103
AVR44	183	21	0.11475409836065574	2	0.01092896174863388
BCY18	181	37	0.20441988950276244	7	0.03867403314917127
AVV36	180	12	0.06666666666666667	4	0.022222222222222223
AWJ49	174	16	0.09195402298850575	10	0.05747126436781609
AWD02	167	36	0.2155688622754491	5	0.029940119760479042
AUU29	164	21	0.12804878048780488	2	0.012195121951219513
BGR27	161	15	0.09316770186335403	3	0.018633540372670808
BUC61	160	21	0.13125	1	0.00625
AVY86	160	21	0.13125	2	0.0125
MKK50	150	37	0.24666666666666667	19	0.12666666666666668
AVG55	148	16	0.10810810810810811	4	0.02702702702702703
AVJ63	147	13	0.08843537414965986	3	0.02040816326530612
AWD09	146	16	0.1095890410958904	3	0.02054794520547945
DRI86	145	15	0.10344827586206896	1	0.006896551724137931
BFW88	144	21	0.14583333333333334	4	0.027777777777777776
AVX56	142	12	0.08450704225352113	3	0.02112676056338028
AWC11	137	21	0.15328467153284672	3	0.021897810218978103
AWD10	137	28	0.20437956204379562	4	0.029197080291970802
AUX91	135	3	0.022222222222222223	2	0.014814814814814815
AVG13	134	20	0.14925373134328357	6	0.04477611940298507
JLW52	134	8	0.05970149253731343	NA	NA
AVW83	130	21	0.16153846153846155	1	0.007692307692307693
AVY56	126	12	0.09523809523809523	3	0.023809523809523808
BVY88	125	22	0.176	5	0.04
NUG63	122	25	0.20491803278688525	1	0.00819672131147541
AVU07	120	24	0.2	3	0.025
BJB00	119	9	0.07563025210084033	4	0.03361344537815126
MLL88	119	29	0.24369747899159663	5	0.04201680672268908
AVG98	117	11	0.09401709401709402	1	0.008547008547008548
AVH21	116	9	0.07758620689655173	NA	NA
AVS85	115	24	0.20869565217391303	3	0.02608695652173913
AWP39	115	13	0.11304347826086956	2	0.017391304347826087
AVI07	113	13	0.11504424778761062	3	0.02654867256637168
AWC75	113	13	0.11504424778761062	5	0.04424778761061947
BGP60	111	3	0.02702702702702703	NA	NA
BUQ86	111	14	0.12612612612612611	2	0.018018018018018018
AVS42	110	13	0.11818181818181818	8	0.07272727272727272
BJB39	107	7	0.06542056074766354	4	0.037383177570093455
AVQ08	105	8	0.0761904761904762	2	0.01904761904761905
BFW82	103	17	0.1650485436893204	6	0.05825242718446602
AVD32	102	16	0.1568627450980392	8	0.0784313725490196
AVR99	96	23	0.23958333333333334	4	0.041666666666666664
NPX09	95	13	0.1368421052631579	3	0.031578947368421054
AVE95	95	19	0.2	4	0.042105263157894736
AUV46	95	5	0.05263157894736842	NA	NA
AVT45	94	13	0.13829787234042554	3	0.031914893617021274
AVG56	93	23	0.24731182795698925	3	0.03225806451612903
AQF83	91	10	0.10989010989010989	5	0.054945054945054944
AVP77	90	5	0.05555555555555555	1	0.011111111111111112
AVY48	90	12	0.13333333333333333	2	0.022222222222222223
NEJ59	90	18	0.2	9	0.1
AVU40	89	18	0.20224719101123595	6	0.06741573033707865
BDA96	87	17	0.19540229885057472	3	0.034482758620689655
BWW89	86	9	0.10465116279069768	2	0.023255813953488372
AVX20	85	15	0.17647058823529413	3	0.03529411764705882
BVM77	85	25	0.29411764705882354	NA	NA
AVK35	85	14	0.16470588235294117	2	0.023529411764705882
BQT08	85	13	0.15294117647058825	11	0.12941176470588237
AVU42	84	14	0.16666666666666666	NA	NA
AUY32	84	7	0.08333333333333333	4	0.047619047619047616
BJA31	82	7	0.08536585365853659	NA	NA
AVW87	82	14	0.17073170731707318	11	0.13414634146341464
BJB70	82	11	0.13414634146341464	6	0.07317073170731707
AVK73	82	11	0.13414634146341464	2	0.024390243902439025
BDA79	82	34	0.4146341463414634	4	0.04878048780487805
NQD89	81	9	0.1111111111111111	5	0.06172839506172839
NQE04	80	9	0.1125	1	0.0125
BPH50	80	14	0.175	8	0.1
AVJ52	79	9	0.11392405063291139	NA	NA
AWI86	77	6	0.07792207792207792	3	0.03896103896103896
BJB01	76	13	0.17105263157894737	1	0.013157894736842105
AWD01	76	13	0.17105263157894737	1	0.013157894736842105
AVT60	75	8	0.10666666666666667	3	0.04
BUC62	74	11	0.14864864864864866	1	0.013513513513513514
BWW78	73	9	0.1232876712328767	NA	NA
BWL92	70	10	0.14285714285714285	2	0.02857142857142857
BDI24	70	10	0.14285714285714285	4	0.05714285714285714
AWK94	69	7	0.10144927536231885	NA	NA
AQF08	69	20	0.2898550724637681	1	0.014492753623188406
AVS70	69	13	0.18840579710144928	3	0.043478260869565216
AUT65	68	11	0.16176470588235295	3	0.04411764705882353
BHH97	68	7	0.10294117647058823	NA	NA
NQD86	67	6	0.08955223880597014	NA	NA
BVX94	67	4	0.05970149253731343	NA	NA
AVH55	66	3	0.045454545454545456	NA	NA
AVN36	64	6	0.09375	NA	NA
AVX24	63	18	0.2857142857142857	NA	NA
DRI84	62	11	0.1774193548387097	5	0.08064516129032258
AWM26	62	9	0.14516129032258066	NA	NA
NUG49	61	8	0.13114754098360656	NA	NA
BWW91	61	6	0.09836065573770492	4	0.06557377049180328
BVY78	60	4	0.06666666666666667	1	0.016666666666666666
NT512	59	3	0.05084745762711865	NA	NA
AVJ73	59	7	0.11864406779661017	2	0.03389830508474576
BGP12	59	3	0.05084745762711865	NA	NA
JLW51	58	1	0.017241379310344827	NA	NA
BWW79	58	2	0.034482758620689655	1	0.017241379310344827
BPH78	57	20	0.3508771929824561	3	0.05263157894736842
AVR77	57	9	0.15789473684210525	4	0.07017543859649122
AVF66	57	12	0.21052631578947367	2	0.03508771929824561
BWI67	57	5	0.08771929824561403	1	0.017543859649122806
BUC64	56	3	0.05357142857142857	1	0.017857142857142856
BWW98	55	10	0.18181818181818182	1	0.01818181818181818
BPO65	55	9	0.16363636363636364	1	0.01818181818181818
JWX23	54	5	0.09259259259259259	NA	NA
AWC23	54	9	0.16666666666666666	NA	NA
BQI87	54	20	0.37037037037037035	NA	NA
AVT33	54	2	0.037037037037037035	2	0.037037037037037035
AVY49	53	10	0.18867924528301888	1	0.018867924528301886
AVE66	53	3	0.05660377358490566	2	0.03773584905660377
AWJ48	52	11	0.21153846153846154	NA	NA
AWC33	51	12	0.23529411764705882	NA	NA
AWJ47	51	12	0.23529411764705882	1	0.0196078431372549
JLW50	50	10	0.2	1	0.02
AVJ01	50	9	0.18	NA	NA
AQD58	50	17	0.34	NA	NA
AWD03	49	13	0.2653061224489796	5	0.10204081632653061
AVV35	49	2	0.04081632653061224	3	0.061224489795918366
AVW96	48	11	0.22916666666666666	1	0.020833333333333332
BUX08	47	10	0.2127659574468085	1	0.02127659574468085
BFQ19	46	8	0.17391304347826086	NA	NA
BCU58	46	NA	NA	NA	NA
BIZ92	46	6	0.13043478260869565	NA	NA
BUC45	45	10	0.2222222222222222	1	0.022222222222222223
BJC08	45	5	0.1111111111111111	NA	NA
AUW23	45	1	0.022222222222222223	NA	NA
	45	5	0.1111111111111111	NA	NA
AQD67	44	9	0.20454545454545456	NA	NA
NUG82	44	4	0.09090909090909091	1	0.022727272727272728
BPN88	43	6	0.13953488372093023	NA	NA
BWW80	42	5	0.11904761904761904	NA	NA
BUQ19	42	4	0.09523809523809523	2	0.047619047619047616
BPL16	41	5	0.12195121951219512	NA	NA
ER622	41	4	0.0975609756097561	1	0.024390243902439025
BHZ22	40	4	0.1	5	0.125
BDL19	40	6	0.15	NA	NA
AVT65	40	4	0.1	NA	NA
AUZ59	40	7	0.175	1	0.025
BJB33	40	10	0.25	2	0.05
AWH53	39	7	0.1794871794871795	1	0.02564102564102564
BJB66	39	6	0.15384615384615385	4	0.10256410256410256
AWE05	39	8	0.20512820512820512	NA	NA
AVF68	39	5	0.1282051282051282	4	0.10256410256410256
BWW81	37	5	0.13513513513513514	NA	NA
AVK50	37	7	0.1891891891891892	1	0.02702702702702703
BUK73	37	8	0.21621621621621623	NA	NA
BJA24	36	2	0.05555555555555555	1	0.027777777777777776
FF148	35	5	0.14285714285714285	NA	NA
AWJ53	34	2	0.058823529411764705	NA	NA
AVR64	34	NA	NA	NA	NA
BWX03	33	1	0.030303030303030304	NA	NA
MKD38	33	4	0.12121212121212122	1	0.030303030303030304
AVH68	32	8	0.25	1	0.03125
BQT04	32	7	0.21875	1	0.03125
AWD16	32	6	0.1875	3	0.09375
AVQ19	32	4	0.125	1	0.03125
BUQ31	31	5	0.16129032258064516	1	0.03225806451612903
BQK42	31	10	0.3225806451612903	1	0.03225806451612903
AQC86	31	1	0.03225806451612903	NA	NA
AUT91	30	5	0.16666666666666666	NA	NA
ACL33	30	2	0.06666666666666667	NA	NA
BKF68	30	1	0.03333333333333333	NA	NA
BVY13	29	4	0.13793103448275862	1	0.034482758620689655
BQV62	29	11	0.3793103448275862	3	0.10344827586206896
AVP09	29	6	0.20689655172413793	NA	NA
BJB67	29	5	0.1724137931034483	NA	NA
BDS36	28	5	0.17857142857142858	4	0.14285714285714285
AVT66	28	4	0.14285714285714285	2	0.07142857142857142
AVR38	27	2	0.07407407407407407	NA	NA
BDX61	27	9	0.3333333333333333	2	0.07407407407407407
AVW76	27	5	0.18518518518518517	1	0.037037037037037035
JLW30	27	5	0.18518518518518517	NA	NA
AVJ53	26	1	0.038461538461538464	4	0.15384615384615385
BWX01	26	9	0.34615384615384615	1	0.038461538461538464
BIZ99	26	2	0.07692307692307693	NA	NA
JLW81	26	NA	NA	NA	NA
AVH43	26	5	0.19230769230769232	2	0.07692307692307693
AVJ24	26	2	0.07692307692307693	NA	NA
MLP09	25	7	0.28	1	0.04
NUG68	25	2	0.08	2	0.08
JID55	25	NA	NA	NA	NA
AWG93	24	7	0.2916666666666667	1	0.041666666666666664
NU496	24	2	0.08333333333333333	1	0.041666666666666664
MLQ53	24	4	0.16666666666666666	NA	NA
BJB55	24	5	0.20833333333333334	1	0.041666666666666664
AUT69	24	3	0.125	3	0.125
BJC39	23	8	0.34782608695652173	3	0.13043478260869565
AVC91	23	4	0.17391304347826086	NA	NA
JID57	23	3	0.13043478260869565	NA	NA
BPH41	23	3	0.13043478260869565	4	0.17391304347826086
BDA81	23	9	0.391304347826087	NA	NA
AVE63	23	2	0.08695652173913043	NA	NA
AVY91	23	4	0.17391304347826086	1	0.043478260869565216
BDC78	23	1	0.043478260869565216	NA	NA
BJC66	22	2	0.09090909090909091	3	0.13636363636363635
AVK63	22	2	0.09090909090909091	NA	NA
BXF41	22	1	0.045454545454545456	NA	NA
BVV23	22	5	0.22727272727272727	2	0.09090909090909091
AVF49	22	2	0.09090909090909091	1	0.045454545454545456
BIZ87	22	3	0.13636363636363635	NA	NA
AVQ95	22	8	0.36363636363636365	1	0.045454545454545456
AQC91	22	2	0.09090909090909091	1	0.045454545454545456
AVV72	21	3	0.14285714285714285	2	0.09523809523809523
BPI49	21	5	0.23809523809523808	2	0.09523809523809523
BIZ43	21	2	0.09523809523809523	NA	NA
BWW76	20	7	0.35	NA	NA
EEE04	20	4	0.2	NA	NA
AVE96	20	5	0.25	NA	NA
BJB59	20	2	0.1	NA	NA
BPH48	19	7	0.3684210526315789	NA	NA
AVK80	19	1	0.05263157894736842	NA	NA
BPL22	19	3	0.15789473684210525	NA	NA
BWM28	19	3	0.15789473684210525	NA	NA
BUK32	19	3	0.15789473684210525	NA	NA
BWW96	19	NA	NA	1	0.05263157894736842
AVT61	19	4	0.21052631578947367	NA	NA
BPL31	19	2	0.10526315789473684	1	0.05263157894736842
BUQ39	19	2	0.10526315789473684	NA	NA
BCY01	18	6	0.3333333333333333	NA	NA
BFY33	18	2	0.1111111111111111	NA	NA
BIZ60	18	11	0.6111111111111112	NA	NA
BIY88	18	2	0.1111111111111111	NA	NA
AUZ32	18	4	0.2222222222222222	NA	NA
BPH56	18	4	0.2222222222222222	1	0.05555555555555555
AVA34	18	2	0.1111111111111111	NA	NA
JLX96	17	3	0.17647058823529413	NA	NA
AVN39	17	1	0.058823529411764705	NA	NA
AWC12	17	6	0.35294117647058826	NA	NA
BJC80	17	4	0.23529411764705882	NA	NA
BUQ55	17	8	0.47058823529411764	3	0.17647058823529413
BIY97	17	2	0.11764705882352941	NA	NA
BVY09	17	5	0.29411764705882354	1	0.058823529411764705
AVW73	16	7	0.4375	NA	NA
NC231	16	2	0.125	NA	NA
AWC76	16	NA	NA	2	0.125
AVS80	16	2	0.125	NA	NA
BWX18	16	4	0.25	NA	NA
BVQ03	16	NA	NA	NA	NA
AVH15	15	2	0.13333333333333333	1	0.06666666666666667
MMH03	15	3	0.2	NA	NA
BFY32	15	2	0.13333333333333333	2	0.13333333333333333
BIZ54	15	1	0.06666666666666667	2	0.13333333333333333
MMF92	15	1	0.06666666666666667	NA	NA
BPK69	15	2	0.13333333333333333	NA	NA
MMG98	15	5	0.3333333333333333	NA	NA
BDF51	15	3	0.2	NA	NA
AUZ73	14	4	0.2857142857142857	NA	NA
BKH53	14	1	0.07142857142857142	NA	NA
BPH46	14	6	0.42857142857142855	NA	NA
AVG12	14	4	0.2857142857142857	NA	NA
BJD03	14	6	0.42857142857142855	NA	NA
BPL21	14	4	0.2857142857142857	2	0.14285714285714285
NPX27	14	6	0.42857142857142855	NA	NA
BJC37	14	9	0.6428571428571429	NA	NA
AWI09	14	3	0.21428571428571427	NA	NA
AQD38	14	3	0.21428571428571427	NA	NA
BPG64	14	3	0.21428571428571427	3	0.21428571428571427
BIZ98	14	2	0.14285714285714285	NA	NA
BQA00	14	1	0.07142857142857142	1	0.07142857142857142
AUV84	14	2	0.14285714285714285	NA	NA
BQU36	13	NA	NA	NA	NA
BJB11	13	2	0.15384615384615385	1	0.07692307692307693
BDA84	13	1	0.07692307692307693	NA	NA
BJA79	13	1	0.07692307692307693	NA	NA
AQF85	13	3	0.23076923076923078	NA	NA
BWW97	13	2	0.15384615384615385	NA	NA
AVP59	13	3	0.23076923076923078	NA	NA
BJB34	13	1	0.07692307692307693	NA	NA
BFZ33	13	2	0.15384615384615385	NA	NA
BUC35	13	2	0.15384615384615385	1	0.07692307692307693
MMK86	13	NA	NA	NA	NA
BPL19	13	5	0.38461538461538464	NA	NA
BHF86	13	2	0.15384615384615385	NA	NA
BIZ93	12	2	0.16666666666666666	NA	NA
BJB32	12	5	0.4166666666666667	NA	NA
BPL33	12	2	0.16666666666666666	1	0.08333333333333333
AQE73	12	2	0.16666666666666666	NA	NA
BKF61	12	1	0.08333333333333333	NA	NA
AVT49	12	5	0.4166666666666667	NA	NA
AUX93	12	1	0.08333333333333333	NA	NA
BQC31	12	2	0.16666666666666666	1	0.08333333333333333
EF140	12	2	0.16666666666666666	NA	NA
AVK82	12	5	0.4166666666666667	NA	NA
AVV79	12	NA	NA	NA	NA
BPH68	12	4	0.3333333333333333	NA	NA
AVZ07	11	1	0.09090909090909091	1	0.09090909090909091
BWW69	11	4	0.36363636363636365	3	0.2727272727272727
MMG80	11	NA	NA	NA	NA
BUC39	11	2	0.18181818181818182	4	0.36363636363636365
BUQ84	11	2	0.18181818181818182	NA	NA
BCY66	11	NA	NA	NA	NA
BPL17	11	1	0.09090909090909091	NA	NA
NQD90	11	NA	NA	NA	NA
BWW84	11	NA	NA	3	0.2727272727272727
AVE08	11	3	0.2727272727272727	NA	NA
BWS46	10	1	0.1	NA	NA
BHY14	10	NA	NA	NA	NA
JLW78	10	2	0.2	NA	NA
AVI03	10	2	0.2	NA	NA
BPK23	10	NA	NA	NA	NA
BDI20	10	1	0.1	NA	NA
BQ418	10	1	0.1	NA	NA
BIZ63	10	1	0.1	NA	NA
BDB27	10	NA	NA	NA	NA
AVZ03	10	NA	NA	NA	NA
BPL30	10	NA	NA	NA	NA
BPI48	10	4	0.4	1	0.1
NUG58	10	NA	NA	4	0.4
AUU32	10	NA	NA	NA	NA
BPL27	10	NA	NA	1	0.1
MMG97	9	1	0.1111111111111111	NA	NA
BIZ57	9	3	0.3333333333333333	NA	NA
BDA25	9	2	0.2222222222222222	NA	NA
BFW84	9	NA	NA	NA	NA
AVH30	9	NA	NA	NA	NA
BPP96	9	2	0.2222222222222222	NA	NA
AVI47	9	NA	NA	NA	NA
BJC12	9	3	0.3333333333333333	NA	NA
NT972	9	NA	NA	NA	NA
BIZ66	9	3	0.3333333333333333	NA	NA
AVH23	9	NA	NA	NA	NA
JWX46	9	1	0.1111111111111111	NA	NA
BFZ34	9	3	0.3333333333333333	NA	NA
BPK04	9	1	0.1111111111111111	NA	NA
BJA82	8	4	0.5	NA	NA
BPH77	8	1	0.125	NA	NA
JLX41	8	NA	NA	NA	NA
BQK53	8	2	0.25	NA	NA
BHF11	8	2	0.25	NA	NA
MMH02	8	NA	NA	1	0.125
BQU37	8	NA	NA	NA	NA
AVX26	8	2	0.25	NA	NA
BPK55	8	NA	NA	NA	NA
MMT58	8	NA	NA	NA	NA
BHF08	8	3	0.375	NA	NA
BHE97	8	1	0.125	NA	NA
BPH59	8	2	0.25	NA	NA
AUZ12	8	1	0.125	NA	NA
NUG56	8	2	0.25	NA	NA
AVS87	8	2	0.25	NA	NA
BHF10	8	1	0.125	NA	NA
BJB20	7	3	0.42857142857142855	NA	NA
BDL76	7	NA	NA	NA	NA
AVT32	7	NA	NA	NA	NA
BKF48	7	2	0.2857142857142857	NA	NA
BFY39	7	2	0.2857142857142857	NA	NA
AUU02	7	1	0.14285714285714285	NA	NA
DJY57	7	NA	NA	1	0.14285714285714285
BIZ91	7	1	0.14285714285714285	NA	NA
BWM30	7	1	0.14285714285714285	NA	NA
NMH57	7	NA	NA	NA	NA
AVW44	7	1	0.14285714285714285	1	0.14285714285714285
AWM54	7	NA	NA	NA	NA
AQE88	7	2	0.2857142857142857	NA	NA
BIL75	6	NA	NA	NA	NA
BVV33	6	NA	NA	NA	NA
BXC85	6	1	0.16666666666666666	2	0.3333333333333333
AQD39	6	1	0.16666666666666666	NA	NA
AVF50	6	NA	NA	NA	NA
BGJ88	6	NA	NA	NA	NA
BDA90	6	1	0.16666666666666666	NA	NA
AVT77	6	1	0.16666666666666666	NA	NA
AWB34	6	NA	NA	NA	NA
AVP19	6	3	0.5	NA	NA
BJB54	6	2	0.3333333333333333	NA	NA
BJA76	6	1	0.16666666666666666	NA	NA
AVK28	6	1	0.16666666666666666	NA	NA
BJA12	6	NA	NA	NA	NA
AWJ54	6	3	0.5	NA	NA
BWS21	6	1	0.16666666666666666	NA	NA
BGM91	6	2	0.3333333333333333	NA	NA
BDB28	6	1	0.16666666666666666	NA	NA
AWC04	6	3	0.5	NA	NA
DUN49	6	NA	NA	NA	NA
MMI13	6	NA	NA	NA	NA
BHF13	6	3	0.5	NA	NA
BQT11	5	2	0.4	NA	NA
AQD68	5	NA	NA	NA	NA
AVD11	5	2	0.4	NA	NA
BDS32	5	NA	NA	NA	NA
BPQ01	5	1	0.2	NA	NA
NUI23	5	1	0.2	1	0.2
BWW87	5	1	0.2	1	0.2
BHF14	5	NA	NA	NA	NA
AVP72	5	2	0.4	NA	NA
AVH79	5	1	0.2	NA	NA
BJB63	5	1	0.2	NA	NA
AWB17	5	NA	NA	NA	NA
BPH80	5	NA	NA	NA	NA
BPI43	5	2	0.4	NA	NA
BQY38	5	1	0.2	NA	NA
AWH56	5	1	0.2	1	0.2
AQG05	5	NA	NA	NA	NA
BPL29	5	NA	NA	NA	NA
AVK43	5	NA	NA	NA	NA
AWC91	5	NA	NA	NA	NA
BDT45	5	NA	NA	NA	NA
BFL33	5	NA	NA	NA	NA
BQT06	5	NA	NA	NA	NA
AVL39	5	1	0.2	NA	NA
AUY36	5	1	0.2	NA	NA
BJA40	5	2	0.4	NA	NA
MMR64	5	1	0.2	NA	NA
BJZ18	5	NA	NA	NA	NA
DLK21	5	NA	NA	NA	NA
BJA98	5	2	0.4	NA	NA
BVY47	4	2	0.5	NA	NA
BUC53	4	NA	NA	2	0.5
AVT76	4	1	0.25	NA	NA
BXC86	4	1	0.25	NA	NA
AWE04	4	NA	NA	NA	NA
MMI15	4	NA	NA	NA	NA
DJX31	4	1	0.25	NA	NA
AVI36	4	NA	NA	NA	NA
BQF28	4	NA	NA	NA	NA
AVH73	4	1	0.25	NA	NA
AVQ44	4	1	0.25	NA	NA
AUZ46	4	2	0.5	NA	NA
BQC32	4	NA	NA	NA	NA
AWC22	4	1	0.25	1	0.25
AUZ74	4	2	0.5	NA	NA
AVU89	4	NA	NA	1	0.25
BQI80	4	NA	NA	NA	NA
BWS34	4	NA	NA	NA	NA
BVJ74	4	NA	NA	NA	NA
BPQ44	4	1	0.25	NA	NA
AWJ11	4	NA	NA	NA	NA
BXF33	4	NA	NA	NA	NA
BHF05	4	NA	NA	NA	NA
AWN30	3	NA	NA	1	0.3333333333333333
BCX94	3	1	0.3333333333333333	NA	NA
AVG66	3	NA	NA	NA	NA
MMG81	3	1	0.3333333333333333	NA	NA
NDW49	3	NA	NA	NA	NA
EEW86	3	NA	NA	2	0.6666666666666666
EAP22	3	1	0.3333333333333333	NA	NA
AWH57	3	NA	NA	NA	NA
BVY79	3	2	0.6666666666666666	NA	NA
AQE12	3	1	0.3333333333333333	NA	NA
AWA94	3	1	0.3333333333333333	NA	NA
BJC64	3	NA	NA	NA	NA
BPK59	3	NA	NA	NA	NA
BVV41	3	NA	NA	NA	NA
NUI26	3	NA	NA	NA	NA
BJA41	3	NA	NA	NA	NA
BWW85	3	NA	NA	NA	NA
DKB09	3	NA	NA	NA	NA
NUH23	3	NA	NA	NA	NA
AWB08	3	NA	NA	NA	NA
BDA24	3	1	0.3333333333333333	NA	NA
ECJ38	3	NA	NA	NA	NA
AVH17	3	NA	NA	NA	NA
DLU60	3	NA	NA	NA	NA
AUX37	3	1	0.3333333333333333	NA	NA
AVR63	3	NA	NA	1	0.3333333333333333
MMQ24	3	NA	NA	NA	NA
NPX26	2	NA	NA	NA	NA
AVI75	2	NA	NA	NA	NA
BPH83	2	NA	NA	NA	NA
AWD00	2	NA	NA	NA	NA
BUY59	2	NA	NA	NA	NA
AVR70	2	NA	NA	NA	NA
DLB33	2	NA	NA	NA	NA
AWC99	2	NA	NA	NA	NA
BIZ59	2	1	0.5	NA	NA
AWA72	2	2	1.0	NA	NA
EEW87	2	NA	NA	NA	NA
MMG99	2	NA	NA	NA	NA
BWX05	2	NA	NA	NA	NA
BCU14	2	NA	NA	NA	NA
BQA49	2	1	0.5	NA	NA
NDU80	2	NA	NA	NA	NA
AVF63	2	NA	NA	NA	NA
AWC87	2	NA	NA	1	0.5
BHF44	2	NA	NA	NA	NA
MMG01	2	1	0.5	NA	NA
ACL35	2	NA	NA	NA	NA
BWS27	2	NA	NA	NA	NA
AVX63	2	NA	NA	NA	NA
AQE93	2	NA	NA	NA	NA
AWB35	2	1	0.5	NA	NA
DMI85	2	1	0.5	NA	NA
BHF06	2	1	0.5	1	0.5
AWC85	1	NA	NA	NA	NA
AVN35	1	NA	NA	NA	NA
BWS37	1	NA	NA	NA	NA
AQE38	1	NA	NA	NA	NA
BIZ61	1	NA	NA	NA	NA
DTV57	1	1	1.0	NA	NA
MMG96	1	NA	NA	NA	NA
JWX45	1	NA	NA	NA	NA
BJC99	1	NA	NA	NA	NA
BVY93	1	NA	NA	NA	NA
DTV58	1	NA	NA	NA	NA
DRZ13	1	NA	NA	NA	NA
MMH01	1	NA	NA	NA	NA
BSF66	1	NA	NA	NA	NA
AWC82	1	NA	NA	NA	NA
AWB64	1	NA	NA	NA	NA
BCU20	1	NA	NA	NA	NA
DLB06	1	1	1.0	NA	NA
BHF23	1	NA	NA	NA	NA
AUZ50	1	NA	NA	NA	NA
AVZ08	1	NA	NA	NA	NA
DLB09	1	1	1.0	NA	NA
BJD26	1	1	1.0	NA	NA
NUG00	1	NA	NA	NA	NA
BHF29	1	1	1.0	NA	NA
BCX93	1	NA	NA	NA	NA
AVQ18	1	NA	NA	NA	NA
DLH48	1	1	1.0	NA	NA
