================================
2017-07-03 00:00:00
1
0.44265026
170.45949556
0.04261961865223276810113625931
2.964606736585
87.441549099392
0.85618909139
428.00927367
1
0.01157778
1801.77154643
0.1100581570036731107960442835
1113.443622730564
1061.897182800828
0.059260042296
5.89700450
0.467779
958.01138306
0.333182122356
649.16862348
1
1.69972932
2768.13491747
0.6768793008028456643545007001
0.276044986707
18.697871928098
0.447165705167
23.36221716
0.898639
87.75687790
1
0.00054683
6338.21825434
0.7780255107784120469044816268
422.040099727462
241.087251084619
0.475763543462
28.57324795
0.747638976568
163.52193621
0.310202584278
248.12283090
1
0.05299403
303.04976928
0.03705178935589341336468871159
2387.744474527277
46.31148768211
0.225542517372
22.15471588
0.895733633686
1579.77939956
1
0.00184845
20498.94557843
0.3130061937066462184216840945
2809.712676502757
3.89617682154
0.099339900908
6.35096452
0.163346
35.09390640
0.052186729403
27.22069097
1
0.00238738
42062.87813563
0.6422740784986477353391731953
4441.845999402102
10.226800780364
0.190964960695
12.20870531
0.017026742447
3.65809249
1
4.51578674
1485.84893946
0.2971962569336331517025735105
168.739619900739
58.101127093591
0.362127736546
17.66256475
0.881166951004
68.84052885
1
0.00467221
12240.34159625
0.1869024295933948955774208573
7283.937310635741
2257.037881619604
0.577453504532
59.47432568
0.555340009063
517.02042932
0.207081022659
36.40098071
0.806285339879
990.66154845
1
0.00247422
13274.99972713
0.2027014048599356764202205869
74929.27882676937
2429.057090557683
0.110981204391
10.82717392
0.098080543873
17.77772510
0.065880132375
55.11673377
1
0.02915885
4351.30642314
0.5320039985384980557309372323
328.802378005653
78.404014325443
0.698957576216
69.82755270
0.928064396607
952.31116318
0.881347754717
812.49214463
================================
2017-07-04 00:00:00
1
0.51176537
170.61567896
0.04265866884961802388156493985
1.235233115455
54.172637615975
0.856163379845
427.99640832
1
0.01155525
1829.21155457
0.1117342833305861754169293328
1047.778396899672
943.497574805306
0.059260354475
5.89704845
0.467779
958.01138306
0.331578721635
646.04445953
1
1.62148349
2762.97032416
0.6756164265525548128521022498
0.305039920406
16.869257970151
0.446815939759
23.34394353
0.898639
87.75687790
1
0.0007148
6301.43821849
0.7735107078747647463576143063
397.117338795958
245.437049858711
0.475511399015
28.55816951
0.747630308234
163.52003663
0.309356529205
247.44587516
1
0.05913347
134.32998866
0.01642359423613771022319693043
2298.873265575003
27.952944151904
0.222546292459
21.86039534
0.895733307963
1579.77858329
1
0.00140507
20683.16797425
0.3158191555095114818283341124
2592.321258379467
4.436548163499
0.099226544366
6.34371203
0.163346
35.09390640
0.051958
27.10126114
1
0.00238386
41491.22925115
0.6335453543414396842483042190
4341.00044453737
13.963548319762
0.190903472163
12.20477023
0.017025726056
3.65787204
1
4.50150296
1489.80334510
0.2979872085057575440312652846
126.37629027528
63.656350046619
0.362101873028
17.66130530
0.880396139117
68.78005836
1
0.00429711
12265.69040422
0.1872894901798691235178934172
7287.700252911593
2166.459573149277
0.577394959155
59.46829451
0.555222202817
516.91073196
0.206978
36.38282173
0.806089164789
990.42055953
1
0.00236429
13150.83328191
0.2008054565812233862694727467
71935.57381281262
2868.428620194042
0.11080763284
10.81023983
0.092912354475
16.83773541
0.065443521494
54.75160840
1
0.03065362
4299.23630484
0.5256377470162753134662243546
384.69250814291
134.448759471194
0.698709075521
69.80250356
0.927758677749
951.98971609
0.881346719854
812.49118483
================================
2017-07-05 00:00:00
1
0.47808574
169.28021431
0.04232476551428577009549891296
5.732298757565
48.317258804071
0.85611466064
427.97203339
1
0.01147047
1825.54195481
0.1115101320571758803034503953
1095.858382911991
1009.92455420976
0.059255374391
5.89654453
0.467779
958.01138306
0.33001559388
642.99912665
1
1.63365155
2756.30051772
0.6739854894580132693237153342
0.171267731408
17.132145551765
0.446832188904
23.34477263
0.898639
87.75687790
1
0.00067918
6272.45768411
0.7699533051223127141257674963
503.669358943261
309.149860873687
0.475401061849
28.55161936
0.748328463839
163.67265951
0.30857284701
246.81880419
1
0.17376956
203.10176352
0.02483184124387371373061820210
2341.18518357452
45.98540886166
0.221157779402
21.72394592
0.89573306337
1579.77836308
1
0.00168636
20594.69669262
0.3144682538736490997417983596
2690.702026913165
3.868009698142
0.099127933659
6.33740875
0.163346
35.09390640
0.051796627273
27.01691860
1
0.00265598
41486.56163769
0.6334740827768990262728176581
4578.262397666579
11.915032745268
0.190770262718
12.19625935
0.017024685714
3.65765038
1
4.56055676
1544.81039505
0.3089895983961071532933401881
120.589930955546
59.185625988593
0.362075927988
17.66003836
0.878821190335
68.65718798
1
0.00539443
12120.63787948
0.1850746280308529756115192920
7187.066965339979
2022.381786009331
0.57730380459
59.45889065
0.555052700278
516.75287793
0.206976310153
36.38256278
0.80587005911
990.15137815
1
0.00242046
13037.34353678
0.1990725352066162827851665084
75283.00772221701
3628.160757086851
0.110664478079
10.79626968
0.098821706333
17.90979729
0.063004867503
52.70557715
1
0.02976467
4252.29239042
0.5198982408197737560450959622
322.610173185912
105.453505549214
0.698454433002
69.77736047
0.927456013269
951.68226843
0.88134571709
812.49043517
================================
2017-07-06 00:00:00
1
0.45799514
183.58718804
0.04590190718326063643804095378
39.155313286201
34.19273367079
0.856075708333
427.95258613
1
0.01129604
1814.38868138
0.1108288532786892286753656289
1101.611394399888
1041.651168285455
0.059244366227
5.89545528
0.467779
958.01138306
0.328488869958
640.02481992
1
1.59230718
2755.13177937
0.6736997032442789652754826989
9.80611780681
14.748555926347
0.44656750035
23.33096076
0.898639
87.75687790
1
0.00072187
6250.93831165
0.7673117708491188027897186067
359.140231096734
197.950314018758
0.475467720833
28.55545336
0.748228390972
163.65086488
0.307899882557
246.28080525
1
0.04770778
272.28883991
0.03329086428369612664923781405
2337.459102696374
39.547881742082
0.220427456885
21.65226270
0.895733221836
1579.77851295
1
0.00176188
20144.24139756
0.3075900807109232553197238222
2782.396101417101
9.845661585286
0.099099072967
6.33556291
0.163346
35.09390640
0.051736360667
26.98552657
1
0.0022754
41203.07362739
0.6291453965658949207778627866
4425.124415858451
9.605445415178
0.190668812239
12.18976687
0.015934657858
3.42362717
1
4.60795282
1538.43951091
0.3077153080766255744652258092
193.921717946297
61.46092913037
0.362068893461
17.65969829
0.878011994118
68.59359069
1
0.00596199
12065.93592446
0.1842393630820480461784230655
8155.170429995339
1744.201692203718
0.57725080542
59.45346177
0.554792855556
516.51078630
0.206974068798
36.38218905
0.805711669444
989.95678554
1
0.00245515
13214.80108048
0.2017822070823504893696579062
79402.26128884614
2594.755549241825
0.111106768963
10.83941984
0.09263290675
16.78883409
0.063033691719
52.73532054
1
0.02660818
4212.66210234
0.5150529208924820641059562165
304.23364736356
63.762627197406
0.698240542892
69.75590213
0.927236547281
951.45691300
0.881344717367
812.48961219
================================
2017-07-07 00:00:00
1
0.44713903
168.94507650
0.04224097173318123306696253294
9.177876126573
73.499518728299
0.8560482375
427.93883112
1
0.0113291
1798.19704590
0.1098398147053279433681428624
969.676097167358
892.639813960707
0.05923823125
5.89483706
0.467779
958.01138306
0.326928870139
636.98452919
1
1.65047395
2704.87492335
0.6614106253714207116835382826
5.737084508978
13.993603499715
0.44665547549
23.33556904
0.898639
87.75687790
1
0.00076028
6216.91908908
0.7631358617916821504520466168
406.388132296685
186.255454430203
0.475326993056
28.54706593
0.748296524306
163.66574870
0.307326180556
245.82192591
1
0.04680701
320.25119900
0.03915488863268836390068801622
2264.794402344967
33.499661368747
0.219261772917
21.53775830
0.895733128472
1579.77844255
1
0.00191785
20143.25839301
0.3075750708407123905473231792
2757.678770918778
4.301417861803
0.099055713889
6.33279807
0.163346
35.09390640
0.051660875
26.94623698
1
0.00207875
41112.29061686
0.6277591962625424388862442508
4739.908768749651
10.854388114217
0.190614250694
12.18627880
0.013578345139
2.91723466
1
4.64621534
1586.23105701
0.3172744686593649746930586005
145.082784449807
54.420419782345
0.362041943131
17.65838457
0.878378972674
68.62255794
1
0.00613767
12078.17118279
0.1844261878933164193136425530
7839.083832146894
2319.625715716752
0.577190220987
59.44720558
0.554643685893
516.37218025
0.20697375886
36.38208419
0.805523452398
989.72556884
1
0.0024793
13084.17911778
0.1997876868647160751748809627
68876.3659964156
2165.928970965193
0.111318050765
10.86003118
0.084091061239
15.23926539
0.062630155076
52.39861727
1
0.02852716
4162.97650676
0.5089782083928617481896949441
354.771039690424
75.265956266947
0.698510793976
69.78259223
0.926929229682
951.14305659
0.881343718644
812.48866803
================================
2017-07-08 00:00:00
1
0.38790674
169.51694607
0.04238395504374510443545472836
0.717126170858
1.99258815667
0.856027303472
427.92838044
1
0.01184167
1788.85021159
0.1092688791946548292316054553
1041.347182041151
927.221293451742
0.059228325
5.89354661
0.467779
958.01138306
0.325502009028
634.20558143
1
1.37341603
2617.14959088
0.6399595532685977805499147027
2.584394011462
0.825204481413
0.446957961592
23.35137150
0.898639
87.75687790
1
0.00051465
6196.94525011
0.7606840440026372382840689230
256.747985732422
10.451405610148
0.475257622222
28.54284013
0.748167975
163.63763187
0.307057171528
245.60697970
1
0.04919667
259.42990994
0.03171869227471361313105166283
2424.554673975898
10.632623365411
0.219190725694
21.53078338
0.895733246528
1579.77872556
1
0.00184111
19991.14297960
0.3052523627592939080720087269
2929.689206754213
2.738673711277
0.098956811111
6.32646868
0.163346
35.09390640
0.051577
26.90258408
1
0.00158326
41162.70941026
0.6285290599881197064533232046
4481.098913308038
4.828941840007
0.190457455556
12.17625668
0.01311689375
2.81810174
1
4.41921679
1613.31991752
0.3226927233246711035201572640
209.289277530852
40.904449868652
0.361939090103
17.65341701
0.87914127051
68.68238077
1
0.00420493
12160.84042426
0.1856884959720484452102727857
5540.49983797472
1028.347349649116
0.576876627083
59.41491004
0.554390435417
516.13649747
0.206971406944
36.38170029
0.804902038889
988.96283402
1
0.00315901
10662.30685280
0.1628071278746109506597070767
39323.55184647103
6931.541714779777
0.111171915278
10.84576978
0.08983301875
16.28157851
0.062077994441
51.93606995
1
0.02214888
4116.27057064
0.5032677981493576891519242580
54.962193538999
34.319316736853
0.698766123922
69.80839084
0.926633506383
950.84237875
0.881343
812.48814011
================================
2017-07-09 00:00:00
1
0.37094215
170.02657064
0.04251137537171130379749308028
2.316992866753
4.524010910509
0.856020259722
427.92487641
1
0.01171188
1783.42935655
0.1089377554646411188933996151
1013.761130444336
922.132270702243
0.059217024306
5.89272837
0.467779
958.01138306
0.324824401389
632.88422222
1
1.29657458
2605.56533101
0.6371269074782362841308745795
2.626554493346
0.249646651971
0.446859832519
23.34623811
0.898639
87.75687790
1
0.00054225
6174.05279274
0.7578739615593462526042728055
267.871100662638
6.28150619123
0.475187897917
28.53864964
0.748149645833
163.63362556
0.307053
245.60378588
1
0.05223667
195.79357368
0.02393831965773987198676502474
2334.370043299223
10.547753799438
0.219152004167
21.52697620
0.895732998611
1579.77814776
1
0.00140688
19847.89538574
0.3030650607861166023553376832
2713.917085969964
3.536103897218
0.098855119444
6.31996868
0.163346
35.09390640
0.051539729167
26.88316472
1
0.00154167
41239.05208062
0.6296947652472199140870708969
4386.490773310409
3.502977937758
0.190234896528
12.16202804
0.012880979167
2.76739606
1
4.38891423
1643.60253689
0.3287497866558740387815789844
206.791588958951
36.704213987143
0.361689455285
17.64118720
0.880609238166
68.79697324
1
0.00400361
12109.28785724
0.1849013202260082995045980816
5273.76227881137
700.587979378594
0.5767924375
59.40623747
0.554342991667
516.12537441
0.206966336111
36.38082840
0.805097327083
989.20220778
1
0.00296127
9157.93567166
0.1398362685061787724552023265
11320.686417828856
7075.596615290371
0.111085007655
10.83729627
0.091546141267
16.59198679
0.061801649965
51.70466491
1
0.02140017
4105.54042506
0.5019558978145288621990346950
26.241967785914
75.255445709843
0.698587236697
69.79046348
0.926453242202
950.65563241
0.881343
812.48814011
================================All
1
0.44219061
171.79471670
0.04295346110328688936072961248
8.841918476749
42.906020109632
0.856089935419
427.95969183
1
0.01153987
1805.90372328
0.1103105640135547666689413834
1054.086924076934
970.244962623026
0.059243154341
5.89528591
0.467779
958.01138306
0.328586413019
640.21531864
1
1.55033677
2709.07336296
0.6624372505007612763461791951
3.110252391143
11.683271664708
0.446832760511
23.34482343
0.898639
87.75687790
1
0.0006409
6249.00049138
0.7670739005920743797095681402
372.623319143612
169.94350159124
0.475412343458
28.55217934
0.748068659928
163.61590918
0.308184053817
246.50817544
1
0.06903194
240.68608330
0.02942701484483577111210662102
2340.826560484926
30.458230122233
0.220984139465
21.70694019
0.89573322381
1579.77858713
1
0.00169415
20268.23319597
0.3094833586223488016727606008
2753.456735214844
4.670181583554
0.099091232961
6.33506459
0.163346
35.09390640
0.051774159585
27.00533731
1
0.00212578
41385.84224835
0.6319361601276997352730854091
4485.601209904128
9.249761816003
0.19065498309
12.18888369
0.015201182852
3.26588479
1
4.52014965
1558.42457988
0.3117126778863742552071043827
167.57337537059
53.373800909635
0.36200479572
17.65657130
0.879482159533
68.70866988
1
0.00495745
12147.41980865
0.1854835714898006206645174616
6933.147390985461
1741.459693070642
0.577176684406
59.44581847
0.554819595011
516.54074709
0.206987650101
36.38455343
0.805631394025
989.85828316
1
0.00261862
12209.70866723
0.1864350395970307440610198999
59953.90769033055
3976.363002167736
0.111020198912
10.83097364
0.092494268909
16.76317430
0.063377760931
53.02213183
1
0.02662791
4208.59698333
0.5145559070401930227915520053
245.024769662829
79.933631438003
0.698611373357
69.79274229
0.927187069916
951.40030629
0.881344863461
812.48968724
